  64
   500.0    -0.5     0.1250     0.8750
   500.0    -0.5     0.1250     0.8750
   500.0    -0.5     0.1250     0.8750
   500.0    -0.5     0.1250     0.8750
   500.0    -0.5     0.1250     0.8750
   500.0    -0.5     0.1250     0.8750
   500.0    -0.5     0.1250     0.8750
   500.0    -0.5     0.1250     0.8750
   500.0    -0.5     0.1250     0.8750
   500.0    -0.5     0.1250     0.8750
   500.0    -0.5     0.1250     0.8750
   500.0    -0.5     0.1250     0.8750
   500.0    -0.5     0.1250     0.8750
   500.0    -0.5     0.1250     0.8750
   500.0    -0.5     0.1250     0.8750
   500.0    -0.5     0.1250     0.8750
   500.0    -0.5     0.1250     0.8750
   500.0    -0.5     0.1250     0.8750
   500.0    -0.5     0.1250     0.8750
   500.0    -0.5     0.1250     0.8750
   500.0    -0.5     0.1250     0.8750
   500.0    -0.5     0.1250     0.8750
   500.0    -0.5     0.1250     0.8750
   500.0    -0.5     0.1250     0.8750
   500.0    -0.5     0.1250     0.8750
   500.0    -0.5     0.1250     0.8750
   500.0    -0.5     0.1250     0.8750
   500.0    -0.5     0.1250     0.8750
   500.0    -0.5     0.1250     0.8750
   500.0    -0.5     0.1250     0.8750
   500.0    -0.5     0.1250     0.8750
   540.0    -0.5     0.1250     0.8750
   585.0    -0.5     0.1250     0.8750
   665.0    -0.5     0.1250     0.8750
   750.0    -0.5     0.1250     0.8750
   800.0    -0.5     0.1250     0.8750
   850.0    -0.5     0.1250     0.8750
   900.0    -0.5     0.1250     0.8750
   950.0    -0.5     0.1250     0.8750
  1000.0    -0.5     0.1250     0.8750
  1000.0    -0.5     0.1250     0.8750
  1000.0    -0.5     0.1250     0.8750
  1000.0    -0.5     0.1250     0.8750
  1000.0    -0.5     0.1250     0.8750
  1000.0    -0.5     0.1250     0.8750
  1000.0    -0.5     0.1250     0.8750
  1000.0    -0.5     0.1250     0.8750
  1000.0    -0.5     0.1250     0.8750
  1000.0    -0.5     0.1250     0.8750
  1000.0    -0.5     0.1250     0.8750
  1000.0    -0.5     0.1250     0.8750
  1000.0    -0.5     0.1250     0.8750
  1000.0    -0.5     0.1250     0.8750
  1000.0    -0.5     0.1250     0.8750
  1100.0    -0.5     0.1250     0.8750
  1150.0    -0.5     0.1250     0.8750
  1200.0    -0.5     0.1250     0.8750
  1250.0    -0.5     0.1250     0.8750
  1300.0    -0.5     0.1250     0.8750
  1300.0    -0.5     0.1250     0.8750
  1300.0    -0.5     0.1250     0.8750
  1300.0    -0.5     0.1250     0.8750
  1300.0    -0.5     0.1250     0.8750
  1300.0    -0.5     0.1250     0.8750
