 127 
   350.0     7.7     0.1250     0.8750
   350.0     7.7     0.1250     0.8750
   350.0     7.7     0.1250     0.8750
   350.0     7.7     0.1250     0.8750
   350.0     7.7     0.1250     0.8750
   350.0     7.7     0.1250     0.8750
   350.0     7.7     0.1250     0.8750
   350.0     7.7     0.1250     0.8750
   350.0     7.7     0.1250     0.8750
   350.0     7.7     0.1250     0.8750
   350.0     7.7     0.1250     0.8750
   350.0     7.7     0.1250     0.8750
   350.0     7.7     0.1250     0.8750
   350.0     7.7     0.1250     0.8750
   350.0     7.7     0.1250     0.8750
   350.0     7.7     0.1250     0.8750
   350.0     7.7     0.1250     0.8750
   350.0     7.7     0.1250     0.8750
   350.0     7.7     0.1250     0.8750
   350.0     7.7     0.1250     0.8750
   350.0     7.7     0.1250     0.8750
   350.0     7.7     0.1250     0.8750
   350.0     7.7     0.1250     0.8750
   350.0     7.7     0.1250     0.8750
   350.0     7.7     0.1250     0.8750
   350.0     7.7     0.1250     0.8750
   350.0     7.7     0.1250     0.8750
   350.0     7.7     0.1250     0.8750
   350.0     7.7     0.1250     0.8750
   350.0     7.7     0.1250     0.8750
   350.0     7.7     0.1250     0.8750
   350.0     7.7     0.1250     0.8750
   350.0     7.7     0.1250     0.8750
   350.0     7.7     0.1250     0.8750
   350.0     7.7     0.1250     0.8750
   350.0     7.7     0.1250     0.8750
   350.0     7.7     0.1250     0.8750
   350.0     7.7     0.1250     0.8750
   350.0     7.7     0.1250     0.8750
   350.0     7.7     0.1250     0.8750
   350.0     7.7     0.1250     0.8750
   350.0     7.7     0.1250     0.8750
   350.0     7.7     0.1250     0.8750
   350.0     7.7     0.1250     0.8750
   350.0     7.7     0.1250     0.8750
   350.0     7.7     0.1250     0.8750
   350.0     7.7     0.1250     0.8750
   350.0     7.7     0.1250     0.8750
   350.0     7.7     0.1250     0.8750
   350.0     7.7     0.1250     0.8750
   350.0     7.7     0.1250     0.8750
   350.0     7.7     0.1250     0.8750
   350.0     7.7     0.1250     0.8750
   350.0     7.7     0.1250     0.8750
   350.0     7.7     0.1250     0.8750
   350.0     7.7     0.1250     0.8750
   350.0     7.7     0.1250     0.8750
   350.0     7.7     0.1250     0.8750
   350.0     7.7     0.1250     0.8750
   350.0     7.7     0.1250     0.8750
   350.0     7.7     0.1250     0.8750
   350.0     7.7     0.1250     0.8750
   360.0     7.7     0.1250     0.8750
   360.0     7.7     0.1250     0.8750
   370.0     7.7     0.1250     0.8750
   370.0     7.7     0.1250     0.8750
   380.0     7.7     0.1250     0.8750
   380.0     7.7     0.1250     0.8750
   390.0     7.7     0.1250     0.8750
   390.0     7.7     0.1250     0.8750
   440.0     7.7     0.1250     0.8750
   440.0     7.7     0.1250     0.8750
   510.0     7.7     0.1250     0.8750
   510.0     7.7     0.1250     0.8750
   585.0     7.7     0.1250     0.8750
   585.0     7.7     0.1250     0.8750
   665.0     7.7     0.1250     0.8750
   665.0     7.7     0.1250     0.8750
   750.0     7.7     0.1250     0.8750
   750.0     7.7     0.1250     0.8750
   800.0     7.7     0.1250     0.8750
   800.0     7.7     0.1250     0.8750
   850.0     7.7     0.1250     0.8750
   850.0     7.7     0.1250     0.8750
   900.0     7.7     0.1250     0.8750
   900.0     7.7     0.1250     0.8750
   950.0     7.7     0.1250     0.8750
   950.0     7.7     0.1250     0.8750
  1000.0     7.7     0.1250     0.8750
  1000.0     7.7     0.1250     0.8750
  1000.0     7.7     0.1250     0.8750
  1000.0     7.7     0.1250     0.8750
  1000.0     7.7     0.1250     0.8750
  1000.0     7.7     0.1250     0.8750
  1000.0     7.7     0.1250     0.8750
  1000.0     7.7     0.1250     0.8750
  1000.0     7.7     0.1250     0.8750
  1000.0     7.7     0.1250     0.8750
  1000.0     7.7     0.1250     0.8750
  1000.0     7.7     0.1250     0.8750
  1000.0     7.7     0.1250     0.8750
  1000.0     7.7     0.1250     0.8750
  1000.0     7.7     0.1250     0.8750
  1000.0     7.7     0.1250     0.8750
  1000.0     7.7     0.1250     0.8750
  1000.0     7.7     0.1250     0.8750
  1000.0     7.7     0.1250     0.8750
  1000.0     7.7     0.1250     0.8750
  1100.0     7.7     0.1250     0.8750
  1100.0     7.7     0.1250     0.8750
  1150.0     7.7     0.1250     0.8750
  1150.0     7.7     0.1250     0.8750
  1200.0     7.7     0.1250     0.8750
  1200.0     7.7     0.1250     0.8750
  1250.0     7.7     0.1250     0.8750
  1250.0     7.7     0.1250     0.8750
  1300.0     7.7     0.1250     0.8750
  1300.0     7.7     0.1250     0.8750
  1300.0     7.7     0.1250     0.8750
  1300.0     7.7     0.1250     0.8750
  1300.0     7.7     0.1250     0.8750
  1300.0     7.7     0.1250     0.8750
  1300.0     7.7     0.1250     0.8750
  1300.0     7.7     0.1250     0.8750
  1300.0     7.7     0.1250     0.8750
  1300.0     7.7     0.1250     0.8750
  1300.0     7.7     0.1250     0.8750
