12 0.98 1.65
22.4371369779
-0.90050774106
-0.904776988333
-0.909527472292
-0.914785435478
-0.920567834381
-0.926877375512
-0.933695997866
-0.940976535418
-0.948632240546
-0.956523943988
-0.964444805975
-0.972102846384
-0.979101927321
-0.984922527878
-0.98890453165
-0.990235424684
-0.98794865166
-0.980938221425
-0.967996498086
-0.947882355726
-0.919425376283
-0.881667761746
-0.834038860403
-0.776546549307
-0.70995554221
-0.63590642033
-0.55691155579
-0.476152258795
-0.397068112055
-0.32289985614
-0.256290689382
-0.19897674388
-0.151613366594
-0.113788846628
-0.0842710797053
-0.0615151194444
-0.0442067616357
-0.0312809445703
-0.0218132591553
-0.015006395861
-0.0101948612081
-0.00684450540687
-0.00454244879117
-0.00297984016243
-0.0019315132685
-0.00123649106202
-0.000781256458933
-0.00048678226323
-0.000298730069428
-0.000180244981181
-0.000106675730142
-6.17384357548e-05
-3.48002840539e-05
-1.90031469038e-05
-9.98144933182e-06
-4.99391726037e-06
-2.34693236941e-06
-1.0152558893e-06
-3.91691612114e-07
-1.27968574237e-07
-3.21945550854e-08
-5.09776308166e-09
-2.89955840979e-10
-2.2105463738e-12
9.50793254176
-0.250574499504
-0.248993025309
-0.247090102793
-0.244791903486
-0.242006316318
-0.238618468328
-0.234485326282
-0.229429283638
-0.223230738472
-0.215619788165
-0.20626734557
-0.194776269673
-0.180673561247
-0.163405284322
-0.142336635206
-0.11676042954
-0.0859175916733
-0.0490341012905
-0.00538008740903
0.0456462587463
0.104409851007
0.170905577205
0.244613860205
0.324362849919
0.408225237129
0.493491568573
0.576761839612
0.654204158749
0.721968949709
0.776632535096
0.815586821571
0.837333504104
0.841636326561
0.829490168911
0.802882084241
0.764348367752
0.71650697422
0.661930352308
0.60308883654
0.542244574134
0.481362522394
0.422059201637
0.365589551814
0.312864103853
0.264485250785
0.220793536064
0.181914992837
0.147807387864
0.11830066806
0.0931323717495
0.0719778461299
0.0544742272979
0.0402393839792
0.028886524852
0.0200353537446
0.0133194703192
0.00839157527433
0.00492757204814
0.00262786957982
0.00121913393515
0.000454487941895
0.00011483194657
1.21760223219e-05
2.27796279717e-07
7.38724026625
0.167999748609
0.166351881205
0.164396973362
0.162070836361
0.159294718032
0.155972045827
0.151984609301
0.14718817466
0.141407637093
0.134431942439
0.126009193626
0.11584269571
0.103589054931
0.0888599223157
0.0712296427513
0.0502516822965
0.0254873619615
-0.00344951445126
-0.0368291542522
-0.0747214869918
-0.116891283409
-0.162680686351
-0.210889463519
-0.259674667353
-0.306499894185
-0.348168084639
-0.380980520126
-0.401054966267
-0.404784393916
-0.389320249989
-0.352986501608
-0.2955822861
-0.218519816177
-0.124752104332
-0.0184735541792
0.0953920088408
0.211747201257
0.325596204601
0.432261302706
0.527625647801
0.608331147137
0.671906856095
0.716824672335
0.742490128182
0.749181357008
0.737951410541
0.71050780073
0.669076936324
0.616261102179
0.554897022052
0.48791973253
0.418232442306
0.348593342114
0.281512931094
0.219169993479
0.163341266188
0.115347179912
0.0760140829873
0.0456428379061
0.0239895022098
0.0102464063435
0.00302912386586
0.00039395782012
9.76136122527e-06
5.92964270038
-0.156041655375
-0.154022480256
-0.151643820792
-0.148834718867
-0.145509117469
-0.141562754851
-0.136869632548
-0.131278114489
-0.124606861635
-0.116640965858
-0.107128874069
-0.0957811220571
-0.0822722789103
-0.0662479873326
-0.0473396927366
-0.0251901811341
0.000506213580802
0.0299453603788
0.0631354504096
0.0997989833487
0.139257219509
0.18031111887
0.221134089456
0.259205517488
0.291323876169
0.313737279005
0.322438084059
0.313646648928
0.284447829174
0.233420283516
0.161132995221
0.0704376505558
-0.0335195470163
-0.143616479559
-0.251411885613
-0.348096570072
-0.425500869882
-0.476745771301
-0.496760810017
-0.482728263346
-0.434344563752
-0.353856859332
-0.245875698909
-0.116992150599
0.0247516070132
0.17048717915
0.31118948748
0.43833493728
0.54449449677
0.62383784904
0.672515018052
0.688876525431
0.673559705327
0.629404152391
0.561230513127
0.47548299876
0.379763996831
0.282263718021
0.191111748735
0.113604256597
0.0553165405636
0.0189622576215
0.00298034328414
9.52616403578e-05
4.66396466552
0.144074781453
0.141705326842
0.138928958001
0.135669304899
0.131834767493
0.127315688749
0.121981276511
0.115676407913
0.108218632795
0.0993958860863
0.0889656867145
0.0766570935313
0.0621770864498
0.0452235163221
0.0255074352554
0.00278796796754
-0.023076616039
-0.0520590666511
-0.0838748135942
-0.117877471674
-0.152945378904
-0.187378635976
-0.218830218235
-0.244306514483
-0.260282062895
-0.262967845056
-0.248771982388
-0.214959588589
-0.160438572486
-0.0864446582612
0.00304222670635
0.101256493629
0.199064097745
0.285862146509
0.350911809123
0.384965506763
0.381807819451
0.339147618078
0.259067052546
0.148060604022
0.0165465410555
-0.122133747283
-0.253120948713
-0.361678666204
-0.434873454062
-0.463093992827
-0.44122508613
-0.369339521848
-0.252849837355
-0.102074862108
0.0687508366216
0.242868807226
0.402757485058
0.532014628434
0.617247576652
0.649775976298
0.627016354371
0.553358633252
0.440509048263
0.306848756365
0.175792070313
0.0720014271187
0.014140920374
0.000605562813714
3.59803765952
-0.130713791384
-0.128056652697
-0.124956957238
-0.121335440873
-0.11709808021
-0.112133696584
-0.106311519657
-0.0994789267399
-0.0914597889132
-0.0820540779396
-0.0710396837939
-0.0581779048701
-0.0432244733181
-0.025948412149
-0.0061615425923
0.0162384804107
0.0412088313669
0.0684848329643
0.097488487147
0.127228699183
0.156206620863
0.182349673479
0.203006818328
0.215043707581
0.215081440134
0.199912509297
0.167108898627
0.115797594496
0.0474739629772
-0.0334489545414
-0.11956225036
-0.200965305302
-0.266387671588
-0.304855826834
-0.307710089251
-0.270652848396
-0.195252398479
-0.0891899350173
0.034477381154
0.158886784562
0.265699748446
0.337888080828
0.362545715358
0.333255760558
0.25158871287
0.127426825982
-0.0220050975956
-0.174312927108
-0.305067177128
-0.391474354154
-0.416028041341
-0.36972516645
-0.254196986337
-0.0824829928777
0.121850388353
0.327383242563
0.499177763494
0.604565571613
0.620409756017
0.540432829591
0.382971863101
0.195525569008
0.0501149185472
0.00301459677044
2.73009532348
0.116804988585
0.113937059112
0.110604306748
0.106727136192
0.102212199716
0.096950545705
0.0908159557484
0.0836637675632
0.0753307214638
0.065636611772
0.0543888315073
0.041391378585
0.0264602742104
0.00944769822744
-0.00972258848763
-0.0310062972244
-0.0541748926424
-0.0787382114614
-0.103858624998
-0.128268029899
-0.150207759367
-0.167417333283
-0.177210986229
-0.17667905713
-0.163047248151
-0.134211056161
-0.0894222865579
-0.0300615900305
0.0396968252398
0.112691565723
0.179267907313
0.228505251786
0.250080962316
0.23651487256
0.185381226092
0.100974167884
-0.00527820831013
-0.116352235616
-0.212507333864
-0.274931034858
-0.289603455687
-0.250611942037
-0.162150250547
-0.0386307770428
0.0973190896091
0.218764444241
0.299637652031
0.32025055078
0.272061075586
0.160620796415
0.00599327964665
-0.159833232041
-0.29834360404
-0.372069659933
-0.353411868901
-0.232874208431
-0.0254870820514
0.226782394975
0.459481963808
0.597050473909
0.577986514545
0.393771437986
0.139901709414
0.0125915480206
2.0445904941
-0.102764863136
-0.0997775095842
-0.0963179242373
-0.0923087294093
-0.0876602491073
-0.0822692690276
-0.0760182122536
-0.0687750998385
-0.0603949218611
-0.0507232966091
-0.039603593249
-0.0268890932227
-0.0124621007639
0.0037378573617
0.0216746863384
0.0411639744375
0.0618095642
0.0829321160732
0.103497712209
0.122062357595
0.13675795049
0.145346122075
0.145379440412
0.134499634995
0.110885504716
0.0738408882589
0.0244556338603
-0.0337683750028
-0.0945710083176
-0.149255319052
-0.187844761529
-0.200969843118
-0.182180446048
-0.130199631908
-0.0505091259565
0.0443154733527
0.136130806029
0.205000937965
0.233935856185
0.213375401788
0.144392332397
0.0396490118541
-0.0784408291642
-0.182244331858
-0.245309929606
-0.249203779407
-0.189083273348
-0.0764349298314
0.0621297816266
0.190194391433
0.270199761771
0.273838793657
0.191635443205
0.0393772469481
-0.141538975996
-0.290687887586
-0.343935470618
-0.255422887799
-0.0221974301722
0.29065568628
0.54625357599
0.575683842092
0.312747296422
0.0464677519887
1.52537945708
0.0878521631022
0.0848894993138
0.08146909048
0.0775190793759
0.0729572008056
0.0676901630412
0.0616136371703
0.0546132722433
0.0465674109347
0.0373524232814
0.0268518406805
0.0149707570518
0.00165721418122
-0.013067647987
-0.0290693663345
-0.0460498098377
-0.0634894737356
-0.0805885837912
-0.0962176428546
-0.108896352287
-0.116828845626
-0.118019935913
-0.110504673303
-0.0927077454001
-0.0639193416775
-0.0248455101704
0.0218699246345
0.0712872546524
0.116234360183
0.148150912954
0.158767191502
0.142303675167
0.0976740925719
0.030036120508
-0.0489586282443
-0.122618898594
-0.172609763868
-0.184120698283
-0.150767753536
-0.0775671867335
0.0190191502842
0.114384574351
0.181929431591
0.200621686841
0.161858556359
0.0734385179302
-0.040958021611
-0.147276759451
-0.210621831103
-0.206419314638
-0.130109009093
-0.0018268078758
0.136224959683
0.230885900346
0.235828924251
0.132858365689
-0.0511468629652
-0.238173150486
-0.314502657029
-0.182308807048
0.161492063494
0.532518803679
0.543481941822
0.160086725523
1.16456735921
-0.0696339809464
-0.0669836391945
-0.0639316861159
-0.0604174525758
-0.0563722826495
-0.0517194360288
-0.0463746812407
-0.0402479912889
-0.0332469826257
-0.0252829454185
-0.0162805181993
-0.00619222005719
0.00498081153458
0.0171606328701
0.0301563667629
0.0436211790976
0.0570064505021
0.069520693791
0.0801049295648
0.0874432098805
0.0900334845306
0.0863390019114
0.0750391167668
0.0553808533008
0.0275966025742
-0.00667732855742
-0.0440936144991
-0.0795290499037
-0.106477991353
-0.118180260922
-0.109401186921
-0.0783962127695
-0.0284468821954
0.0316790714188
0.0888069864434
0.128014204516
0.136645077865
0.109050456725
0.0497303650111
-0.0265968102703
-0.0983214198872
-0.143044355741
-0.144813738024
-0.100191442313
-0.0208734997101
0.0685440609527
0.137605240088
0.160124230925
0.124244639292
0.0388401974127
-0.0667380281592
-0.150928795542
-0.174722400604
-0.11920805199
0.000871245719001
0.134057667808
0.206116326684
0.154593079771
-0.0237517800202
-0.230485078134
-0.25990842634
0.07885310915
0.558424092801
0.523638975653
0.977404406264
0.0515193312239
0.049412521374
0.0469902353907
0.044205967057
0.0410074925341
0.0373370121476
0.0331319128593
0.0283264966362
0.0228552010127
0.01665799573
0.00968878362469
0.00192771329267
-0.00660163799759
-0.0158094304582
-0.0255110720827
-0.0353944975498
-0.044987266963
-0.0536304965979
-0.060470065172
-0.0644804624425
-0.0645405861124
-0.0595762197938
-0.0487774689906
-0.0318842432185
-0.00950072681516
0.016626719641
0.0434628137693
0.0667697685447
0.0815801837074
0.0832453781147
0.0689157092572
0.0389888757725
-0.00201590166322
-0.0456568932147
-0.0810851339774
-0.0976866309465
-0.0884346688667
-0.0532544557283
-0.00041732038331
0.0550019006368
0.09535565046
0.106213785356
0.0818470862101
0.0283344153443
-0.0372282450518
-0.0917081834669
-0.113897248629
-0.0929053533288
-0.033781446058
0.0422493855724
0.104141751778
0.122727371518
0.084203268735
6.68610058044e-05
-0.0920031126821
-0.140561748599
-0.104984918135
0.0124485261581
0.143147139376
0.167208318185
-0.00341642861816
-0.260543980425
-0.115698643449
0.795810403431
0.760119320152
-0.0684586201486
-0.0653802243989
-0.0618482275179
-0.0577980150954
-0.0531578468272
-0.0478494969922
-0.0417899458241
-0.034894662034
-0.0270832770928
-0.0182886640047
-0.00847059995608
0.00236478745194
0.0141386588192
0.0266655432388
0.0396127225082
0.0524563201646
0.064441599926
0.0745597408872
0.081558682751
0.0840107441758
0.0804620388157
0.0696815672358
0.0510054213291
0.0247473742163
-0.00740396074156
-0.0421224483357
-0.0744539511811
-0.0982269417139
-0.107030006045
-0.0959600087762
-0.0637576597402
-0.0144844919596
0.0421029710059
0.0920735022206
0.120712899749
0.11698705383
0.0780254272307
0.0124033167424
-0.0606553773054
-0.116745824266
-0.134733645833
-0.10526544579
-0.0359221057011
0.0496211096426
0.119033561078
0.143359556601
0.10942801549
0.0274481013896
-0.0702819411643
-0.14055039668
-0.147532166094
-0.0811613580852
0.0325227231518
0.137098143693
0.168933207994
0.0940474093141
-0.0581460680128
-0.188139272956
-0.168747050426
0.0456668176314
0.269768388191
0.0770240133492
-0.432438065668
0.27788827306
