23 0.98 15.0
10.518640583407327
-0.03142297654810504
-0.039168383481358336
-0.04754272377823376
-0.05638500092190592
-0.06554205698981672
-0.0748796281357522
-0.08429058681693205
-0.09369908694492468
-0.10305932388430246
-0.11234847038876332
-0.12155797010781452
-0.13068680274500033
-0.13973639658008055
-0.14870700707095
-0.1575957797289712
-0.16639687520739546
-0.17510377817272607
-0.183710892466279
-0.1922132026556501
-0.2006059457581363
-0.20888444860432065
-0.21704406926509923
-0.22508019296345028
-0.2329882486479502
-0.24076372747813782
-0.24840219578362976
-0.2558993016930967
-0.26325077750002807
-0.2704524403289713
-0.2775001929135901
-0.28439002517650575
-0.2911180164530563
-0.297680337926598
-0.30407325499296456
-0.3102931294781855
-0.3163364217288007
-0.32219969261276976
-0.32787960545768485
-0.33337292793720275
-0.33867653390596614
-0.34378740517895573
-0.348702633250993
-0.35341942095351475
-0.3579350840471366
-0.3622470527493004
-0.3663528731965193
-0.3702502088406417
-0.3739368417784322
-0.37741067401371475
-0.3806697286513153
-0.3837121510220964
-0.38653620973843017
-0.3891402976795035
-0.3915229329059039
-0.39368275950295983
-0.3956185483523675
-0.3973291978316578
-0.39881373444111057
-0.40007131335775525
-0.4011012189161455
-0.4019028650156297
-0.4024757954538926
-0.4028196841865696
-0.4029343355127949
-0.4028196841865693
-0.4024757954538917
-0.40190286501562894
-0.40110121891614436
-0.4000713133577541
-0.39881373444110907
-0.3973291978316563
-0.39561854835236576
-0.3936827595029583
-0.39152293290590223
-0.389140297679502
-0.3865362097384283
-0.38371215102209477
-0.3806697286513135
-0.37741067401371287
-0.37393684177843023
-0.3702502088406397
-0.3663528731965173
-0.3622470527492983
-0.35793508404713464
-0.35341942095351303
-0.34870263325099116
-0.343787405178954
-0.3386765339059646
-0.333372927937201
-0.3278796054576832
-0.32219969261276793
-0.31633642172879883
-0.31029312947818327
-0.304073254992962
-0.29768033792659504
-0.2911180164530532
-0.2843900251765024
-0.27750019291358663
-0.27045244032896787
-0.26325077750002474
-0.2558993016930935
-0.2484021957836265
-0.24076372747813454
-0.23298824864794695
-0.22508019296344706
-0.21704406926509584
-0.20888444860431724
-0.20060594575813265
-0.19221320265564676
-0.18371089246627595
-0.17510377817272305
-0.1663968752073932
-0.15759577972896885
-0.14870700707094753
-0.13973639658007764
-0.13068680274499883
-0.12155797010781182
-0.11234847038876121
-0.10305932388430039
-0.09369908694492296
-0.08429058681693052
-0.07487962813575111
-0.06554205698981627
-0.05638500092190535
-0.04754272377823275
-0.03916838348135798
-0.03142297654810461
10.370190710392167
0.062362011637124425
0.07753922227689723
0.09384569082931758
0.11093053710565716
0.1284575647314534
0.14612799888421985
0.16369751561239615
0.18098495208609208
0.1978700931074753
0.21427965817517985
0.2301699335198734
0.24551334329285857
0.2602883131187445
0.27447206949615904
0.288036822715947
0.300950098680608
0.3131794622600378
0.3246957905856787
0.33547264295870677
0.34548564965847156
0.35471223288568915
0.3631315348929383
0.3707244525532958
0.37747370958128335
0.3833639282596567
0.38838168553263575
0.3925155518157358
0.39575611670241856
0.3980960067486589
0.3995298989793828
0.400054531478362
0.39966871070461263
0.39837331463294684
0.39617129113744315
0.39306765147111905
0.3890694589005806
0.3841858126026734
0.3784278269170542
0.37180860602638977
0.3643432141243553
0.35604864113297563
0.3469437640405587
0.33704930394429866
0.3263877788942274
0.3149834526462735
0.3028622794418508
0.2900518449401795
0.27658130343796006
0.26248131151926596
0.24778395828657365
0.23252269233164807
0.21673224561245882
0.20044855440936
0.18370867754043452
0.16655071202213642
0.14901370636717554
0.13113757171696733
0.11296299101089166
0.09453132639907663
0.07588452510941751
0.05706502398306183
0.03811565289562043
0.019079537283901236
-2.503224155372926e-15
-0.01907953728390635
-0.038115652895625574
-0.057065023983067106
-0.07588452510942287
-0.09453132639908207
-0.11296299101089713
-0.1311375717169728
-0.14901370636718092
-0.16655071202214172
-0.1837086775404398
-0.20044855440936513
-0.21673224561246376
-0.23252269233165285
-0.24778395828657815
-0.2624813115192706
-0.27658130343796444
-0.2900518449401838
-0.3028622794418553
-0.3149834526462778
-0.32638777889423165
-0.337049303944303
-0.3469437640405628
-0.35604864113297985
-0.3643432141243593
-0.37180860602639365
-0.378427826917058
-0.38418581260267715
-0.38906945890058414
-0.3930676514711222
-0.396171291137446
-0.39837331463294906
-0.39966871070461446
-0.4000545314783632
-0.3995298989793836
-0.3980960067486592
-0.39575611670241845
-0.3925155518157354
-0.3883816855326353
-0.383363928259656
-0.3774737095812825
-0.37072445255329456
-0.36313153489293687
-0.35471223288568743
-0.34548564965847034
-0.33547264295870455
-0.3246957905856762
-0.3131794622600352
-0.3009500986806059
-0.28803682271594483
-0.27447206949615666
-0.2602883131187424
-0.24551334329285635
-0.23016993351987122
-0.2142796581751776
-0.19787009310747358
-0.18098495208609125
-0.16369751561239515
-0.14612799888421837
-0.12845756473145287
-0.11093053710565638
-0.09384569082931656
-0.0775392222768964
-0.06236201163712402
10.127018275071121
-0.0923434371945952
-0.11433685917292287
-0.1377117814332442
-0.1618746184474179
-0.18625305566909847
-0.2103320261242184
-0.23368091385537254
-0.25596795260072175
-0.2769578347903422
-0.29649121817533797
-0.3144589984991837
-0.3307824534557548
-0.3453982897422884
-0.35824807183664165
-0.3692727310367219
-0.3784133255768773
-0.38561841330667207
-0.39084915572538237
-0.3940784387681574
-0.39528998139871374
-0.3944779075003281
-0.391646589135005
-0.38681060628654973
-0.37999471753887915
-0.37123378359484394
-0.3605726212626825
-0.34806578656170656
-0.33377729478856233
-0.3177802871171529
-0.300156651120635
-0.28099659927454934
-0.2603982070497526
-0.23846691157029506
-0.21531497251039705
-0.1910608977613532
-0.16582883688137684
-0.139747945562118
-0.11295172445494732
-0.08557733577924947
-0.05776490121422374
-0.029656784657733654
-0.0013968635127704287
0.02687020777453393
0.05499973815724835
0.08284774061946587
0.11027166920525382
0.13713114867124104
0.16328869302765908
0.18861040928986497
0.21296668283817066
0.23623284087792398
0.25828979060382207
0.27902462880188816
0.29833121976871646
0.31611073858977407
0.3322721769958661
0.3467328092084246
0.3594186153890985
0.37026466052612395
0.3792154268180677
0.38622509785356546
0.3912577931324214
0.3942877517276213
0.3952994641481469
0.3942877517276212
0.39125779313242076
0.38622509785356446
0.3792154268180663
0.3702646605261222
0.35941861538909664
0.3467328092084225
0.33227217699586353
0.3161107385897715
0.2983312197687136
0.2790246288018853
0.25828979060381907
0.2362328408779209
0.21296668283816764
0.1886104092898619
0.16328869302765603
0.137131148671238
0.11027166920525087
0.08284774061946289
0.0549997381572454
0.02687020777453098
-0.0013968635127734053
-0.029656784657736687
-0.05776490121422677
-0.08557733577925267
-0.11295172445495047
-0.13974794556212125
-0.16582883688138012
-0.19106089776135657
-0.21531497251040027
-0.23846691157029828
-0.26039820704975547
-0.28099659927455195
-0.3001566511206373
-0.3177802871171547
-0.3337772947885641
-0.3480657865617082
-0.3605726212626841
-0.3712337835948454
-0.3799947175388805
-0.386810606286551
-0.39164658913500633
-0.3944779075003294
-0.3952899813987141
-0.39407843876815823
-0.39084915572538304
-0.3856184133066724
-0.37841332557687757
-0.36927273103672215
-0.3582480718366418
-0.3453982897422887
-0.33078245345575497
-0.31445899849918396
-0.29649121817533713
-0.2769578347903423
-0.25596795260072175
-0.23368091385537232
-0.21033202612421792
-0.1862530556690992
-0.16187461844741854
-0.1377117814332446
-0.11433685917292222
-0.09234343719459531
9.795315278971518
0.1209138800355601
0.14882872938964006
0.1780274909677541
0.2076065217899484
0.23669363972963073
0.2645002784309702
0.29036149163527225
0.3137581874771522
0.3343161110569577
0.3517798107760645
0.3659791175512787
0.3768032457068134
0.3841812212891864
0.38806796400588744
0.3884370038495996
0.3852814368801348
0.3786235992435386
0.36852139596825473
0.355066272476736
0.3383809649636514
0.3186176837964455
0.295956476505156
0.27060356933398966
0.2427895562517699
0.21276737180683256
0.18081003535854484
0.1472081847882152
0.11226743173873127
0.07630557383532902
0.03964969711615945
0.002633197899267629
-0.03440724965820642
-0.07113475469917577
-0.10721527291169484
-0.1423206443292442
-0.17613157794448375
-0.20834055580437105
-0.2386546300453352
-0.26679808737615235
-0.29251495677081685
-0.3155713375788544
-0.3357575268940346
-0.3528899268413064
-0.36681271443696384
-0.3773992588330826
-0.38455327305419085
-0.38820968974965103
-0.38833525299616617
-0.3849288207679088
-0.37802137532342184
-0.3676757414149881
-0.3539860148834692
-0.33707670683568963
-0.31710161118823527
-0.2942424058775974
-0.26870700045895124
-0.24072764512252545
-0.21055881832648027
-0.17847491225874443
-0.14476773717905284
-0.10974386733974714
-0.07372185262478276
-0.03702932126770213
-1.2655271895479332e-15
0.037029321267699714
0.07372185262478037
0.10974386733974495
0.14476773717905075
0.17847491225874257
0.21055881832647858
0.240727645122524
0.2687070004589499
0.29424240587759626
0.3171016111882342
0.3370767068356889
0.35398601488346887
0.36767574141498816
0.3780213753234222
0.3849288207679098
0.38833525299616795
0.3882096897496531
0.38455327305419357
0.37739925883308556
0.3668127144369672
0.35288992684130993
0.33575752689403837
0.3155713375788582
0.2925149567708205
0.2667980873761559
0.2386546300453386
0.20834055580437424
0.17613157794448675
0.14232064432924701
0.10721527291169741
0.07113475469917797
0.034407249658208364
-0.002633197899266109
-0.03964969711615835
-0.0763055738353284
-0.1122674317387312
-0.14720818478821565
-0.18081003535854576
-0.21276737180683405
-0.24278955625177176
-0.2706035693339921
-0.2959564765051589
-0.31861768379644834
-0.3383809649636554
-0.3550662724767396
-0.36852139596825867
-0.37862359924354316
-0.3852814368801396
-0.3884370038496043
-0.3880679640058917
-0.38418122128919086
-0.37680324570681795
-0.36597911755128315
-0.35177981077606874
-0.33431611105696213
-0.3137581874771559
-0.29036149163527664
-0.2645002784309744
-0.2366936397296342
-0.20760652178995198
-0.17802749096775694
-0.14882872938964326
-0.12091388003556172
9.383411402514891
-0.14764978639542173
-0.18034522364968297
-0.21380065958708144
-0.24673340606263588
-0.2779137908672799
-0.30623814394547594
-0.3307856254236587
-0.35085141031207145
-0.3659490530019749
-0.3757797689746158
-0.3801911353977631
-0.37914458270087475
-0.37269005391070303
-0.36094703621228735
-0.3440932943575195
-0.3223634129097614
-0.2960577788586747
-0.2655466056753332
-0.23126269025653196
-0.19369342042005985
-0.15337294760768905
-0.11087427974202099
-0.06680112262990287
-0.02177939438492134
0.023551570740269284
0.0685480436902206
0.11257102132866771
0.15499530389180813
0.19521838509060252
0.23266901827055558
0.2668153333075665
0.2971723901787118
0.3233090646019717
0.3448541696190716
0.36150172657879903
0.37301531049668957
0.37923140782104925
0.3800617387455146
0.37549451101775194
0.36559458743516415
0.3505025646712124
0.3304327765363996
0.3056702500429902
0.2765666575055546
0.24353532216290122
0.20704534824784976
0.16761495886668268
0.12580413630180565
0.08220666925863412
0.037441720000364144
-0.007854968867340212
-0.05304010308221577
-0.09747197265828043
-0.1405195653191098
-0.18157152800443324
-0.2200448491805876
-0.25539313865044466
-0.2871143872746502
-0.3147580964022105
-0.3379316757597099
-0.3563060189376571
-0.3696201772920495
-0.3776850658833615
-0.3803861488219808
-0.3776850658833621
-0.3696201772920506
-0.3563060189376586
-0.3379316757597117
-0.314758096402213
-0.28711438727465316
-0.2553931386504478
-0.22004484918059133
-0.18157152800443724
-0.14051956531911408
-0.0974719726582851
-0.053040103082220805
-0.007854968867345423
0.03744172000035873
0.08220666925862863
0.1258041363018002
0.16761495886667738
0.20704534824784449
0.24353532216289633
0.2765666575055498
0.30567025004298587
0.33043277653639563
0.3505025646712086
0.36559458743516066
0.3754945110177488
0.38006173874551163
0.379231407821047
0.3730153104966875
0.3615017265787972
0.34485416961907017
0.32330906460197056
0.29717239017871083
0.26681533330756585
0.23266901827055542
0.19521838509060255
0.15499530389180857
0.11257102132866842
0.06854804369022165
0.023551570740270658
-0.021779394384919583
-0.06680112262990091
-0.11087427974201886
-0.15337294760768713
-0.19369342042005774
-0.23126269025652982
-0.2655466056753307
-0.29605777885867246
-0.32236341290975873
-0.34409329435751657
-0.36094703621228447
-0.37269005391069954
-0.37914458270087165
-0.38019113539775984
-0.3757797689746128
-0.36594905300197234
-0.3508514103120688
-0.3307856254236566
-0.3062381439454738
-0.2779137908672782
-0.2467334060626342
-0.21380065958708072
-0.18034522364968145
-0.14764978639542084
8.901455195296464
0.17216621781683722
0.20829759536227915
0.2441934996892614
0.2781366201625331
0.3085071963424144
0.33388308023801094
0.35311833128208564
0.3653905594664427
0.37020784172325977
0.36737237766572284
0.35692878302524567
0.33912103796374143
0.314356202536327
0.28317411576797746
0.246224957937092
0.20425750780101676
0.15811906964671385
0.10874829175065451
0.05715343673636759
0.004389451128200889
-0.04846472329003781
-0.10032858940575824
-0.15014218987056963
-0.1968876488824344
-0.23960985151429048
-0.27743588665912267
-0.30959285796328767
-0.33542368130597167
-0.3544005263891382
-0.3661356146151011
-0.3703891481100503
-0.36707420961579085
-0.3562585366527976
-0.3381631358536373
-0.31315776626264386
-0.281753383651063
-0.24459169988866697
-0.20243207048415468
-0.15613597814372546
-0.10664942940804949
-0.05498362410366502
-0.0021942926356092072
0.05063987664487086
0.10243927918276348
0.15214545467750049
0.19874271548099448
0.24127890098675003
0.2788848339190259
0.31079208095529354
0.3363486547639903
0.35503233660446226
0.36646134725720514
0.37040214823640644
0.3667742138761611
0.35565167677838994
0.3372618129996751
0.3119803979304525
0.2803240277637428
0.2429395634552366
0.20059091287507877
0.1541434212426433
0.10454618880753529
0.05281267709436024
3.0802199085386897e-16
-0.052812677094359654
-0.10454618880753452
-0.15414342124264238
-0.20059091287507777
-0.24293956345523554
-0.2803240277637416
-0.31198039793045135
-0.3372618129996742
-0.35565167677838927
-0.3667742138761608
-0.3704021482364066
-0.3664613472572056
-0.355032336604463
-0.3363486547639915
-0.31079208095529515
-0.2788848339190278
-0.24127890098675234
-0.1987427154809973
-0.15214545467750346
-0.1024392791827665
-0.05063987664487383
0.002194292635606488
0.05498362410366265
0.10664942940804756
0.15613597814372412
0.20243207048415363
0.24459169988866633
0.28175338365106267
0.3131577662626435
0.3381631358536371
0.35625853665279766
0.3670742096157909
0.37038914811005075
0.3661356146151017
0.3544005263891391
0.335423681305973
0.3095928579632891
0.27743588665912405
0.23960985151429187
0.19688764888243582
0.15014218987057054
0.10032858940575874
0.04846472329003857
-0.004389451128200565
-0.0571534367363674
-0.1087482917506548
-0.15811906964671357
-0.2042575078010169
-0.2462249579370925
-0.28317411576797763
-0.31435620253632784
-0.3391210379637418
-0.3569287830252456
-0.3673723776657232
-0.37020784172326016
-0.36539055946644344
-0.3531183312820865
-0.3338830802380127
-0.308507196342415
-0.2781366201625341
-0.24419349968926257
-0.2082975953622794
-0.17216621781683789
8.361031855582432
-0.19412470631946568
-0.23219336389643544
-0.2685496632015326
-0.3010150957723576
-0.32759071124135464
-0.3465912106228261
-0.3567497430658387
-0.3572807153431509
-0.3478890630603852
-0.32872255931186767
-0.3003011305701407
-0.2634525179356214
-0.21925245517227065
-0.16896904625786655
-0.11401434165397394
-0.05590728086484933
0.0037501083897170068
0.06330514862205833
0.12110365284428638
0.1755387660552464
0.22509699807859748
0.2684007448991806
0.3042465718439217
0.3316384979033096
0.34981551799865507
0.35827265680048365
0.35677496922448493
0.34536407553287307
0.32435702442905096
0.2943374992882479
0.25613960650122863
0.21082469886692215
0.15965188261921048
0.10404303031205599
0.04554327226980159
-0.014221935982149818
-0.07359197786845459
-0.13091721688084546
-0.1846048327090488
-0.23316307879221504
-0.2752427315196416
-0.3096745793467127
-0.33550191014549113
-0.3520070941035246
-0.35873152355150123
-0.35548835568347303
-0.3423677041076582
-0.3197341349779021
-0.28821653727710955
-0.24869064871303637
-0.20225472275579442
-0.15019901292469176
-0.09396992222408244
-0.035129813860403175
0.024686400073226738
0.08381668573213412
0.14061806825136378
0.19351228291033426
0.24102962828248914
0.28184980288060857
0.31483859062405006
0.3390793757974747
0.3538986118366699
0.35888453627408123
0.35389861183667015
0.33907937579747544
0.31483859062405145
0.2818498028806101
0.24102962828249153
0.19351228291033712
0.14061806825136725
0.08381668573213809
0.024686400073231068
-0.03512981386039869
-0.09396992222407803
-0.15019901292468749
-0.20225472275579096
-0.2486906487130334
-0.2882165372771075
-0.3197341349779009
-0.3423677041076578
-0.3554883556834733
-0.358731523551502
-0.35200709410352604
-0.3355019101454931
-0.3096745793467152
-0.2752427315196444
-0.2331630787922181
-0.1846048327090518
-0.1309172168808487
-0.07359197786845767
-0.01422193598215259
0.04554327226979914
0.10404303031205396
0.15965188261920904
0.21082469886692085
0.256139606501228
0.2943374992882477
0.3243570244290512
0.34536407553287357
0.3567749692244856
0.3582726568004845
0.3498155179986562
0.331638497903311
0.3042465718439231
0.26840074489918225
0.22509699807859915
0.17553876605524768
0.12110365284428802
0.06330514862205996
0.0037501083897182254
-0.05590728086484889
-0.11401434165397331
-0.16896904625786618
-0.21925245517227068
-0.26345251793562163
-0.30030113057014174
-0.3287225593118687
-0.3478890630603864
-0.3572807153431526
-0.35674974306583984
-0.3465912106228275
-0.32759071124135597
-0.30101509577235913
-0.26854966320153423
-0.23219336389643683
-0.19412470631946674
7.774736109075986
0.21323998200893976
0.25164875000045533
0.28641433783788534
0.3149138688904915
0.334839025055084
0.3443699948971426
0.34230788328185496
0.32814927743053673
0.3020887416063198
0.2649454959534633
0.21805556236942616
0.16316536188170427
0.10232594183506558
0.03778912571645621
-0.028089011053226184
-0.09293054063300553
-0.15439998165704694
-0.2102748267089813
-0.25853013642332917
-0.29741546233245864
-0.3255199728809255
-0.34182414251810017
-0.3457366955590081
-0.3371158394077512
-0.31627421423685353
-0.28396744827385545
-0.2413667308701492
-0.19001636735465022
-0.13177782268072002
-0.06876226199809063
-0.003254027357310685
0.06237217190955141
0.12573734724343807
0.18454447314433625
0.23666175671522843
0.2801999164159795
0.31358066926468825
0.3355939441772349
0.34544174756318746
0.34276709100890734
0.32766693233824934
0.3006886608758869
0.2628102542985157
0.21540482639601352
0.16019085091318297
0.09916986589356053
0.034553916782403986
-0.03131463148137642
-0.09604800652766898
-0.15729958666229624
-0.21284896723875857
-0.26068245159037706
-0.29906604868069503
-0.32660833126565586
-0.3423108759233147
-0.34560445647126453
-0.3363696787397856
-0.3149413086784593
-0.2820961368999258
-0.2390248195779901
-0.18728871648354806
-0.12876329080410148
-0.0655701225356211
-1.5546517140624142e-15
0.06557012253561817
0.12876329080409862
0.18728871648354548
0.23902481957798785
0.2820961368999239
0.3149413086784578
0.33636967873978474
0.3456044564712642
0.3423108759233151
0.32660833126565714
0.29906604868069725
0.2606824515903798
0.21284896723876207
0.15729958666230032
0.0960480065276734
0.0313146314813809
-0.03455391678239952
-0.0991698658935562
-0.16019085091317894
-0.2154048263960101
-0.2628102542985128
-0.3006886608758847
-0.3276669323382478
-0.34276709100890645
-0.34544174756318735
-0.3355939441772351
-0.3135806692646891
-0.2801999164159805
-0.23666175671522974
-0.18454447314433775
-0.12573734724343957
-0.06237217190955317
0.0032540273573088436
0.06876226199808863
0.131777822680718
0.19001636735464814
0.24136673087014704
0.28396744827385345
0.31627421423685165
0.33711583940774986
0.34573669555900743
0.34182414251809945
0.32551997288092516
0.29741546233245914
0.25853013642332934
0.21027482670898173
0.15439998165704774
0.09293054063300664
0.02808901105322726
-0.03778912571645491
-0.10232594183506377
-0.1631653618817028
-0.2180555623694251
-0.2649454959534621
-0.3020887416063186
-0.32814927743053585
-0.34230788328185413
-0.3443699948971418
-0.33483902505508306
-0.31491386889049067
-0.2864143378378853
-0.251648750000456
-0.21323998200893945
7.1557204965310826
-0.22928541638518882
-0.26639777851433993
-0.2975466487974934
-0.31973651967972255
-0.33048840546974156
-0.32805551810414924
-0.3115782221010179
-0.28115777922169644
-0.23783211035249813
-0.1834505270865506
-0.12049837617172399
-0.051916746910275105
0.019080511294169895
0.0891873150669108
0.15517333077029039
0.21402790492166643
0.2630722253510307
0.30006573829260513
0.32331382320880725
0.3317497081756587
0.3249853466102456
0.3033298224272417
0.2677751400049522
0.21995050852066608
0.16204745298760678
0.09671926269215059
0.026959376980218427
-0.04403575877779791
-0.1130131228907551
-0.17681214812601562
-0.232509531942918
-0.2775531858664106
-0.3098791785622503
-0.3280063098563395
-0.33110398156331816
-0.31903025600117685
-0.29233835918568535
-0.2522513312310113
-0.20060598565176915
-0.13976874535170755
-0.07252721165527529
-0.001962434685176513
0.06869226229395806
0.1361994358091625
0.19746586391713958
0.2496842796227251
0.29046200165629826
0.31793056866449987
0.3308313533064931
0.32857323336435623
0.3112596773411801
0.2796840034676435
0.23529302935233992
0.18012077787201092
0.11669527694015586
0.04792272364829358
-0.02304567954685879
-0.09295811493904127
-0.15861114994331352
-0.21699652042965145
-0.2654389713128848
-0.3017188384548247
-0.3241737550972895
-0.3317748225720967
-0.3241737550972898
-0.3017188384548254
-0.2654389713128858
-0.21699652042965262
-0.1586111499433148
-0.09295811493904275
-0.023045679546860272
0.04792272364829202
0.11669527694015436
0.1801207778720094
0.2352930293523386
0.27968400346764233
0.3112596773411792
0.3285732333643556
0.33083135330649316
0.31793056866450037
0.29046200165629904
0.2496842796227263
0.1974658639171412
0.13619943580916416
0.06869226229395982
-0.0019624346851748013
-0.07252721165527382
-0.13976874535170633
-0.20060598565176813
-0.2522513312310104
-0.29233835918568446
-0.31903025600117596
-0.3311039815633174
-0.32800630985633894
-0.3098791785622499
-0.2775531858664102
-0.23250953194291782
-0.17681214812601567
-0.11301312289075514
-0.044035758777798216
0.026959376980218025
0.09671926269214995
0.16204745298760606
0.21995050852066508
0.2677751400049515
0.3033298224272407
0.3249853466102443
0.3317497081756572
0.3233138232088066
0.3000657382926049
0.26307222535103075
0.21402790492166693
0.1551733307702907
0.08918731506691187
0.01908051129417116
-0.05191674691027412
-0.12049837617172271
-0.18345052708654963
-0.23783211035249696
-0.28115777922169516
-0.3115782221010156
-0.3280555181041477
-0.3304884054697407
-0.31973651967972244
-0.2975466487974932
-0.26639777851433927
-0.2292854163851884
6.5172400334264236
0.24209705870689402
0.2762977939650105
0.3019239570436657
0.3157411204775025
0.315309725517004
0.29923682203789986
0.2673380984005471
0.22068557707951342
0.16152283403481876
0.09304784735915173
0.019128245537035092
-0.05599240667305623
-0.12798838872713547
-0.19273317879763713
-0.24655050971986428
-0.2864165707798236
-0.31010067464840213
-0.3162725951959855
-0.30458393007521317
-0.2756929343382284
-0.23122970595768372
-0.17370480894401558
-0.10636736031968343
-0.03302115779444138
0.042190480273520035
0.11501891893797124
0.18135024007795986
0.23743759838554052
0.2801128250474482
0.3069653566716647
0.3164783900875137
0.30811456492909295
0.28234632390539943
0.24062923035139805
0.1853197495747333
0.11954213938972257
0.047011969938941314
-0.028173757731786396
-0.10176803861898287
-0.1696137637175493
-0.22787854192894805
-0.2732711796718507
-0.30322758998603977
-0.3160556297102329
-0.3110306833219146
-0.28843659419451256
-0.2495496311870141
-0.1965663962419499
-0.1324797452661364
-0.06090973113445459
0.014100881685480413
0.08831498015330072
0.1575404438136295
0.21786694446438495
0.26588682826908516
0.29888760337903947
0.31500516004647444
0.313329068307413
0.2939540053001407
0.25797440725215126
0.20742264822797749
0.14515423772554165
0.07468652194688671
1.7326104044507908e-17
-0.07468652194688692
-0.14515423772554162
-0.2074226482279776
-0.25797440725215137
-0.29395400530014093
-0.31332906830741336
-0.31500516004647466
-0.2988876033790397
-0.26588682826908555
-0.21786694446438531
-0.15754044381363
-0.08831498015330122
-0.014100881685480907
0.06090973113445409
0.13247974526613598
0.19656639624194944
0.2495496311870138
0.28843659419451223
0.3110306833219144
0.316055629710233
0.3032275899860401
0.27327117967185094
0.22787854192894827
0.1696137637175496
0.10176803861898305
0.028173757731786528
-0.04701196993894141
-0.11954213938972293
-0.18531974957473366
-0.24062923035139833
-0.2823463239053998
-0.308114564929093
-0.3164783900875136
-0.30696535667166425
-0.2801128250474478
-0.23743759838554007
-0.18135024007795927
-0.11501891893797078
-0.04219048027351977
0.033021157794441425
0.10636736031968287
0.17370480894401547
0.23122970595768355
0.27569293433822867
0.30458393007521256
0.31627259519598533
0.31010067464840196
0.28641657077982363
0.24655050971986425
0.1927331787976374
0.12798838872713567
0.05599240667305672
-0.019128245537034294
-0.09304784735915099
-0.16152283403481835
-0.22068557707951314
-0.2673380984005469
-0.2992368220378998
-0.31530972551700404
-0.3157411204775023
-0.3019239570436656
-0.2762977939650113
-0.24209705870689402
5.872213700634289
-0.2515761798683046
-0.2813312523962343
-0.29973797339351577
-0.3035200940893314
-0.290552788405086
-0.26013336522162844
-0.21312087873629001
-0.15191730670830642
-0.08027384813180519
-0.0029303221785033744
0.07482705030457519
0.14761085397841509
0.21036010903975155
0.2587263169438066
0.28938944307623665
0.3002772798895954
0.2906718155991531
0.26123706869287056
0.21398149995590846
0.15212716812825333
0.07989265385464624
0.0022059619936714656
-0.0756319370129991
-0.14830928204995944
-0.21086635715574345
-0.2590341285595634
-0.28952560079872536
-0.30026007839916086
-0.2905050929124014
-0.2609263472375908
-0.21354227724042382
-0.15158632116748033
-0.07928628214978084
-0.0015758330529255164
0.07624215031961583
0.14885745223521823
0.21131488151536953
0.2593524092779266
0.2896920055739854
0.3002633286620562
0.2903450027973782
0.2606138440266543
0.21309867492380916
0.15104187989418663
0.07867814833973157
0.0009455039939092221
-0.07685166053357179
-0.14940454983987717
-0.21176223225792723
-0.2596694861470526
-0.2898571716739038
-0.3002653134231929
-0.2901836709195444
-0.26030020467860415
-0.21265413051609566
-0.15049676563869546
-0.07806966223081553
-0.0003151684642849553
0.07746083206157904
0.14995098814916866
0.21220864897913488
0.25998541827842225
0.2900210603439228
0.30026597504436026
0.2900210603439224
0.25998541827842164
0.21220864897913405
0.14995098814916782
0.07746083206157826
-0.00031516846428560654
-0.07806966223081592
-0.1504967656386956
-0.21265413051609572
-0.2603002046786041
-0.2901836709195442
-0.3002653134231928
-0.2898571716739036
-0.2596694861470523
-0.2117622322579271
-0.14940454983987697
-0.07685166053357159
0.0009455039939094546
0.07867814833973179
0.15104187989418685
0.2130986749238093
0.26061384402665394
0.2903450027973778
0.3002633286620557
0.28969200557398467
0.25935240927792563
0.2113148815153685
0.14885745223521712
0.07624215031961493
-0.001575833052926278
-0.07928628214978144
-0.15158632116748055
-0.21354227724042385
-0.2609263472375907
-0.29050509291240123
-0.30026007839916047
-0.2895256007987248
-0.2590341285595627
-0.21086635715574276
-0.14830928204995886
-0.07563193701299828
0.0022059619936717068
0.07989265385464596
0.152127168128253
0.21398149995590854
0.2612370686928697
0.29067181559915267
0.3002772798895949
0.28938944307623654
0.25872631694380616
0.21036010903975125
0.14761085397841528
0.07482705030457545
-0.0029303221785032213
-0.08027384813180481
-0.15191730670830622
-0.21312087873628996
-0.260133365221628
-0.2905527884050863
-0.3035200940893313
-0.2997379733935158
-0.281331252396235
-0.25157617986830433
5.232821623291649
0.2576902772855342
0.28160377361227823
0.29138293479822924
0.2839651663551944
0.25786562779962013
0.21343487250034163
0.1529301848294833
0.08037438011769013
0.0011932081388936371
-0.07834507076465257
-0.1517726175929064
-0.2130404536542749
-0.25707476297600207
-0.2802324624063576
-0.2806168250753227
-0.25822188025778803
-0.2148923178842837
-0.15415012999602698
-0.08091869697654373
-0.0011311514046357858
0.07874731319634014
0.15224271413430043
0.21339738654247353
0.25725351983600425
0.2802555194416618
0.280538467473084
0.25807934130386795
0.21469882157329148
0.15391362269236986
0.08065136129965901
0.0008510849470248594
-0.07901817022777187
-0.15248178203073678
-0.2135844025468315
-0.2573727286043151
-0.28029704395488614
-0.28049897982087907
-0.25796216529975446
-0.2145135548868107
-0.1536753257174456
-0.08037935081817588
-0.0005673948801751684
0.07929055710998249
0.15272079153633733
0.21377066005115816
0.2574911331288016
0.2803379949105697
0.2804591563352644
0.2578447954077277
0.21432815342592473
0.15343692261805814
0.08010727250419675
0.00028369753890097193
-0.07956287546975706
-0.15295965536906367
-0.21395670580409037
-0.2576092789477858
-0.28037866326155986
-0.2804190504185704
-0.2577271664194355
-0.21414253700017055
-0.1531983658169443
-0.07983511402121779
8.174268120986555e-16
0.0798351140212195
0.15319836581694582
0.21414253700017197
0.25772716641943666
0.28041905041857146
0.2803786632615606
0.2576092789477859
0.21395670580409035
0.15295965536906325
0.07956287546975616
-0.0002836975389019325
-0.0801072725041979
-0.15343692261805938
-0.21432815342592598
-0.25784479540772887
-0.28045915633526536
-0.28033799491057043
-0.25749113312880223
-0.21377066005115838
-0.15272079153633736
-0.07929055710998241
0.000567394880175375
0.0803793508181763
0.15367532571744635
0.21451355488681137
0.257962165299755
0.2804989798208797
0.28029704395488675
0.2573727286043153
0.2135844025468317
0.1524817820307368
0.07901817022777158
-0.0008510849470252728
-0.08065136129965951
-0.1539136226923706
-0.21469882157329234
-0.2580793413038689
-0.2805384674730848
-0.2802555194416628
-0.2572535198360052
-0.21339738654247445
-0.15224271413430093
-0.07874731319634055
0.0011311514046353653
0.08091869697654386
0.15415012999602748
0.2148923178842842
0.2582218802577892
0.28061682507532415
0.28023246240635896
0.2570747629760036
0.21304045365427576
0.15177261759290697
0.07834507076465345
-0.0011932081388934472
-0.08037438011769056
-0.1529301848294841
-0.21343487250034235
-0.25786562779962124
-0.2839651663551963
-0.29138293479823085
-0.2816037736122791
-0.25769027728553545
4.610154223261279
-0.2604725341798439
-0.27733855761718607
-0.2774364013177022
-0.25821930830119555
-0.2191938791034728
-0.162115300014043
-0.09092818234945155
-0.011435125042510692
0.06929876912584858
0.1437553421436802
0.2048295780054174
0.24660838323660592
0.26500387499613476
0.25818918693137427
0.22679298263774944
0.1738277194181377
0.10435672821142303
0.0249868019318587
-0.05674719212882026
-0.13308876407528658
-0.19679247158281768
-0.24181103513895263
-0.2638700041614099
-0.26087438142109703
-0.23310811330799072
-0.1832073899360985
-0.11591035873233498
-0.03760713634100183
0.04426705278459892
0.12193793408873116
0.1880303876519362
0.2362687258477878
0.26207257339511697
0.26299177957528413
0.23893906600337006
0.19219831563385273
0.12720771291019917
0.050138325197241
-0.03169185961956213
-0.11051279996347252
-0.17884019154193087
-0.2301861265681832
-0.25967514176040574
-0.2645071593991373
-0.24422336375103793
-0.20074976707381023
-0.13821432848367524
-0.0625549908386005
0.01904414620200632
0.09883497975023064
0.16924111120227903
0.2235772498745507
0.2566840030518439
0.26541777707133285
0.248949271743913
0.20884222509879635
0.14890493138245262
0.07482863115995528
-0.0063528904476912885
-0.0869311844889876
-0.15925508042766706
-0.21645718961698976
-0.25310598613986285
-0.265721547822693
-0.25310598613986296
-0.21645718961698984
-0.1592550804276673
-0.086931184488988
-0.006352890447691695
0.07482863115995485
0.1489049313824521
0.208842225098796
0.24894927174391274
0.26541777707133296
0.25668400305184413
0.22357724987455113
0.1692411112022797
0.09883497975023155
0.01904414620200732
-0.06255499083859958
-0.13821432848367443
-0.2007497670738096
-0.2442233637510375
-0.26450715939913727
-0.259675141760406
-0.23018612656818363
-0.17884019154193143
-0.11051279996347314
-0.03169185961956279
0.05013832519724029
0.1272077129101985
0.19219831563385237
0.2389390660033697
0.26299177957528397
0.2620725733951173
0.23626872584778824
0.1880303876519368
0.12193793408873196
0.044267052784599734
-0.037607136341001324
-0.11591035873233475
-0.1832073899360986
-0.23310811330799103
-0.2608743814210972
-0.2638700041614105
-0.2418110351389542
-0.19679247158281843
-0.1330887640752865
-0.05674719212882098
0.024986801931858073
0.10435672821142286
0.17382771941813735
0.22679298263774952
0.25818918693137466
0.26500387499613565
0.24660838323660647
0.2048295780054179
0.1437553421436808
0.06929876912584922
-0.011435125042510538
-0.09092818234945099
-0.16211530001404284
-0.21919387910347288
-0.2582193083011953
-0.27743640131770203
-0.27733855761718634
-0.2604725341798443
4.013926272840853
0.26001976630721435
0.2688673832688273
0.25863351626449854
0.2276181683943905
0.17666640593502164
0.10923422703316056
0.031123511888985905
-0.05011190432100423
-0.12605040579754095
-0.1884870206730186
-0.23050659703971277
-0.2473581585688766
-0.23705450984491222
-0.20064137249981462
-0.14210389454901623
-0.06791338996829684
0.013737837762796605
0.09386632133137153
0.16366969487819308
0.21548311388305386
0.24361707424235465
0.24498177274030555
0.2194273358187143
0.16976126986937062
0.10144064542273269
0.021972728396559418
-0.05990997234046849
-0.1352094299498618
-0.19565100754920298
-0.23459281588276018
-0.24775558916534976
-0.2336929042434294
-0.19395010221040626
-0.13289446177585895
-0.057235284897006425
0.02471337385753178
0.10394632101629092
0.1717567873442066
0.220693199102852
0.24537801886756502
0.24309867427957393
0.21410563825645204
0.16158490507497658
0.09130788695858681
0.010997203527488727
-0.07052194352834763
-0.1442915565716429
-0.20220522083157744
-0.2378989042451483
-0.24745028988791962
-0.2298097925703095
-0.18691589593254043
-0.12348213584271504
-0.0464791381210266
0.03563137143490577
0.11382641141440675
0.17951326456382075
0.22547371657503607
0.24665725313036388
0.24073605215691923
0.20836078415477743
0.153089111144777
0.08099474136254053
5.565181801260518e-17
-0.08099474136254052
-0.153089111144777
-0.20836078415477746
-0.24073605215691923
-0.2466572531303642
-0.2254737165750365
-0.17951326456382116
-0.11382641141440716
-0.03563137143490613
0.046479138121026574
0.1234821358427149
0.18691589593254035
0.2298097925703096
0.24745028988791953
0.23789890424514848
0.20220522083157774
0.14429155657164316
0.07052194352834801
-0.010997203527488253
-0.09130788695858627
-0.16158490507497617
-0.2141056382564516
-0.2430986742795739
-0.24537801886756513
-0.22069319910285223
-0.17175678734420707
-0.10394632101629162
-0.024713373857532497
0.057235284897005675
0.13289446177585829
0.19395010221040587
0.23369290424342917
0.24775558916534976
0.23459281588276032
0.19565100754920342
0.1352094299498624
0.05990997234046916
-0.021972728396558706
-0.10144064542273198
-0.16976126986937048
-0.21942733581871343
-0.2449817727403051
-0.24361707424235482
-0.21548311388305447
-0.16366969487819322
-0.09386632133137222
-0.013737837762796943
0.06791338996829648
0.14210389454901573
0.20064137249981404
0.2370545098449117
0.2473581585688764
0.230506597039713
0.18848702067301887
0.12605040579754098
0.050111904321004326
-0.03112351188898592
-0.10923422703316045
-0.1766664059350212
-0.2276181683943899
-0.2586335162644976
-0.2688673832688265
-0.260019766307214
3.452264861013818
-0.25648892759922687
-0.2566185122265673
-0.23583581626560854
-0.193623965443385
-0.13247406476456342
-0.057739593785779225
0.022916138843009165
0.10044129554110061
0.16560023559976766
0.2103180004728877
0.22888921874601575
0.21882113626165284
0.18123024797617307
0.12075528388681887
0.04499473656541832
-0.03646880139740642
-0.11333690284526834
-0.1759240614335862
-0.2163579938574442
-0.2295573066365909
-0.21386586338726798
-0.17126045617400534
-0.10710305219416281
-0.029467246844072585
0.051876978023965625
0.1266925169112597
0.18556355596237792
0.2210807764785605
0.22877402271900923
0.20767497838654125
0.16043903849659105
0.09301108166885544
0.013877247875381823
-0.0670030955414935
-0.13945078622336268
-0.1943479556326961
-0.2247855493579617
-0.2269328604487308
-0.2005196408635256
-0.14887011405628053
-0.07848460713351046
0.0017785443784783283
0.08181785820036433
0.15156002284438466
0.20222766978327134
0.22744404526336245
0.224035553776766
0.1924311694710613
0.13660844778229472
0.06359293198858344
-0.017426043351303006
-0.09625187192102129
-0.16296396489677215
-0.20916630214195903
-0.22904410950414186
-0.22009567457302903
-0.1834471985592462
-0.12371105875329688
-0.048405319878341214
0.0329924485283302
0.11023796732163625
0.17360953684424135
0.21513155701815628
0.22957829286740364
0.21513155701815642
0.17360953684424157
0.11023796732163656
0.03299244852833072
-0.04840531987834066
-0.12371105875329631
-0.18344719855924568
-0.22009567457302873
-0.22904410950414167
-0.20916630214195933
-0.16296396489677278
-0.09625187192102198
-0.01742604335130376
0.06359293198858265
0.13660844778229403
0.1924311694710609
0.22403555377676593
0.2274440452633626
0.2022276697832719
0.1515600228443853
0.08181785820036526
0.0017785443784792566
-0.07848460713350991
-0.1488701140562804
-0.20051964086352544
-0.22693286044873087
-0.22478554935796205
-0.19434795563269675
-0.13945078622336327
-0.06700309554149424
0.013877247875381199
0.0930110816688551
0.16043903849659089
0.20767497838654136
0.2287740227190099
0.2210807764785613
0.18556355596237872
0.12669251691126057
0.05187697802396656
-0.02946724684407172
-0.10710305219416283
-0.17126045617400557
-0.21386586338726815
-0.22955730663659135
-0.21635799385744497
-0.17592406143358674
-0.11333690284526876
-0.03646880139740665
0.04499473656541833
0.12075528388681893
0.18123024797617293
0.21882113626165303
0.22888921874601675
0.21031800047288823
0.1656002355997684
0.10044129554110144
0.022916138843009186
-0.05773959378577938
-0.1324740647645633
-0.1936239654433857
-0.2358358162656086
-0.25661851222656773
-0.25648892759922726
2.9315760625839133
0.2500922824390836
0.24110191383317126
0.2099958731269483
0.15775512647484724
0.08874876501278287
0.010285309982108899
-0.06830447993686814
-0.13695883515407406
-0.1864011758621781
-0.2096735888112008
-0.20334641415126192
-0.1681436382102187
-0.10892722769080782
-0.03405838731969021
0.0457760286655256
0.1191141855434912
0.17542804216147037
0.20666288319504655
0.20836438564258902
0.18029904107254052
0.12648161121959106
0.0546011272641058
-0.025075854836209926
-0.10117000103516777
-0.16281351274810588
-0.201202065636159
-0.21085246316687695
-0.19038608617908478
-0.14272603187981697
-0.07467969729916767
0.004033558386481452
0.08217072682713371
0.14857108493269267
0.1937503494024052
0.21125535837645956
0.1985857973952131
0.15755132348610096
0.09401308034494993
0.01704652442869891
-0.062354862450970244
-0.1328498207973952
-0.18436923634843558
-0.20955435728055427
-0.20480787832904776
-0.17080776045093835
-0.11241039471057826
-0.03795694192286744
0.041918073241476755
0.11580573972991953
0.1731523466897789
0.2057668179057221
0.20899068039633395
0.1823634552516556
0.12968842992205734
0.058489417404660154
-0.021063904122200584
-0.09760857259918505
-0.16021136554029342
-0.19993044183356357
-0.21109254550022966
-0.19210334260109882
-0.14567514719099153
-0.07843950918932016
-7.59314568038217e-17
0.07843950918931988
0.14567514719099137
0.1921033426010988
0.21109254550022966
0.1999304418335639
0.16021136554029386
0.09760857259918561
0.021063904122201292
-0.05848941740465934
-0.1296884299220569
-0.18236345525165507
-0.20899068039633353
-0.20576681790572204
-0.17315234668977922
-0.1158057397299202
-0.04191807324147763
0.03795694192286638
0.1124103947105773
0.17080776045093776
0.2048078783290474
0.2095543572805544
0.18436923634843605
0.13284982079739627
0.06235486245097144
-0.017046524428697654
-0.09401308034494887
-0.15755132348610026
-0.1985857973952129
-0.2112553583764597
-0.1937503494024057
-0.14857108493269353
-0.08217072682713455
-0.004033558386482299
0.07467969729916683
0.14272603187981645
0.19038608617908453
0.21085246316687675
0.20120206563615928
0.1628135127481059
0.101170001035168
0.025075854836210762
-0.05460112726410567
-0.12648161121959076
-0.18029904107253975
-0.20836438564258877
-0.20666288319504647
-0.17542804216147037
-0.11911418554349132
-0.04577602866552596
0.034058387319689874
0.1089272276908076
0.1681436382102185
0.20334641415126176
0.20967358881120066
0.1864011758621778
0.136958835154074
0.06830447993686799
-0.010285309982109279
-0.08874876501278266
-0.15775512647484674
-0.20999587312694787
-0.24110191383317048
-0.2500922824390833
2.4564908381517156
-0.24109138563607882
-0.22289230393431947
-0.1821191884300796
-0.12151509938264772
-0.04744982517094645
0.030924086562392736
0.10301220030522543
0.15844331372547682
0.18883219179159183
0.18936640230930205
0.1598212549285448
0.10474172871192287
0.03280335883262077
-0.04452562808755217
-0.11480914713894969
-0.16667313436373793
-0.1917169550953383
-0.1859031320218378
-0.1501771183229156
-0.09029616812873709
-0.015896844606587652
0.06105478818249317
0.1281852263059812
0.17470111606769528
0.19312365052342237
0.18049086802668493
0.1388341565475413
0.07485195970073955
-0.0011670998784533153
-0.07699860551543032
-0.1404481683850012
-0.18131247421171376
-0.19302012771565705
-0.17368841164544932
-0.12642603811965983
-0.058833226176501906
0.018220491255975923
0.09234418862812849
0.15161811786337723
0.18651050725431872
0.19141035293595007
0.16552971719621784
0.11303043586568631
0.04235485860981471
-0.0351317553864956
-0.10696887169523511
-0.16160444506244726
-0.19025259078695844
-0.1883064329533665
-0.15607893096316938
-0.09875255289143067
-0.025545888655581658
0.05176878099739688
0.12075857162730753
0.17032931316286906
0.192509590819902
0.18373261927932827
0.14540981339202882
0.08370382015544661
0.008537510432184493
-0.06800170667091647
-0.1336056463666026
-0.17772461343827017
-0.19326388677556333
-0.17772461343827034
-0.13360564636660283
-0.0680017066709167
0.008537510432184195
0.08370382015544654
0.14540981339202888
0.18373261927932844
0.19250959081990227
0.1703293131628694
0.12075857162730787
0.05176878099739725
-0.025545888655581668
-0.0987525528914309
-0.1560789309631698
-0.18830643295336694
-0.1902525907869593
-0.16160444506244767
-0.10696887169523552
-0.03513175538649561
0.04235485860981502
0.11303043586568688
0.16552971719621834
0.19141035293595096
0.1865105072543195
0.15161811786337767
0.09234418862812847
0.018220491255975746
-0.058833226176502273
-0.12642603811966027
-0.1736884116454498
-0.19302012771565755
-0.18131247421171393
-0.14044816838500132
-0.07699860551543057
-0.0011670998784534224
0.07485195970073923
0.13883415654754094
0.18049086802668493
0.19312365052342234
0.17470111606769506
0.12818522630598078
0.0610547881824933
-0.015896844606587652
-0.09029616812873721
-0.150177118322915
-0.18590313202183759
-0.19171695509533834
-0.16667313436373826
-0.11480914713894971
-0.04452562808755239
0.032803358832621136
0.10474172871192318
0.1598212549285443
0.18936640230930196
0.1888321917915922
0.1584433137254767
0.10301220030522484
0.030924086562392455
-0.047449825170946716
-0.12151509938264768
-0.18211918843007951
-0.22289230393431939
-0.2410913856360787
2.029886643646003
0.2297900409925552
0.2026105507872005
0.1532248404630027
0.08632374453042271
0.010264058469387856
-0.06425171754826282
-0.12596564667351604
-0.16505391796011426
-0.17500629169487084
-0.15406885644985635
-0.10582795248482442
-0.03872092440063209
0.03538595210861165
0.10327262204009692
0.15272437008724501
0.17476447089440883
0.16536244906961467
0.12620029172639854
0.0643328738287667
-0.009103252144252316
-0.080899145703969
-0.13814735913623166
-0.1705590020642869
-0.1723104019704155
-0.1430884277614677
-0.08814645920448111
-0.01736041715584622
0.05654596693505316
0.12028794261041545
0.1624076311761061
0.17533371446433588
0.15674254849544725
0.10997593543999186
0.043440435274608356
-0.030903780179608563
-0.09969286420089743
-0.150561543347309
-0.17436585546600955
-0.1668268306462705
-0.12929965818922462
-0.06853008007854976
0.00455819850222314
0.07682711177817436
0.13528588042408415
0.16942618314344038
0.17311109158306565
0.14567822086030788
0.09205879745425734
0.02189124115003777
-0.052211399927474665
-0.11692872200437504
-0.16062738988048422
-0.17545230023425326
-0.15873858458424187
-0.11349063572592842
-0.047842049713109035
0.026406437873346646
0.09590820645348712
0.14816988727467784
0.17379712299310746
0.16818326096641098
0.13233742729151682
0.07270313020559349
-8.574656777473003e-16
-0.07270313020559473
-0.13233742729151776
-0.16818326096641112
-0.17379712299310696
-0.14816988727467692
-0.09590820645348573
-0.026406437873345092
0.047842049713110325
0.11349063572592911
0.15873858458424223
0.17545230023425284
0.1606273898804831
0.11692872200437376
0.0522113999274734
-0.021891241150038782
-0.09205879745425796
-0.14567822086030766
-0.173111091583065
-0.16942618314343938
-0.13528588042408268
-0.07682711177817302
-0.00455819850222212
0.06853008007855026
0.12929965818922473
0.16682683064627007
0.1743658554660088
0.15056154334730806
0.09969286420089662
0.030903780179607914
-0.04344043527460868
-0.10997593543999166
-0.15674254849544667
-0.1753337144643349
-0.16240763117610518
-0.12028794261041467
-0.0565459669350524
0.017360417155846693
0.08814645920448122
0.14308842776146724
0.17231040197041503
0.17055900206428606
0.13814735913623089
0.08089914570396856
0.009103252144251726
-0.0643328738287669
-0.1262002917263983
-0.16536244906961364
-0.17476447089440825
-0.152724370087244
-0.10327262204009631
-0.03538595210861105
0.03872092440063237
0.10582795248482396
0.15406885644985593
0.17500629169487028
0.16505391796011382
0.12596564667351523
0.06425171754826205
-0.010264058469387957
-0.08632374453042277
-0.15322484046300208
-0.20261055078719967
-0.22979004099255462
1.652977621546564
-0.21652643524894594
-0.18090404277435693
-0.12430639975111818
-0.0534545190916464
0.02147490968888509
0.08870242213429493
0.13706325869377753
0.1582082617191498
0.14840588951909914
0.10959848373330723
0.049313056177636386
-0.020677656913384718
-0.08660987001669086
-0.1354192777659202
-0.1573350629331513
-0.14787581910640168
-0.10885296484146183
-0.048053280573350586
0.022362859795707932
0.08831714637304622
0.1366321624875583
0.15766069440454625
0.14720739225839238
0.107362725345954
0.046083842472426535
-0.024394291447715457
-0.0900010290903989
-0.13763854211268328
-0.15779635934307323
-0.1464500408692778
-0.10586479766883149
-0.04414342104629206
0.02639135142541158
0.09165708668723022
0.13862328346275124
0.15791298320718994
0.14567492549922684
0.10435246604932412
0.042195748514258224
-0.028385465855009645
-0.0932994445720554
-0.13958593696448135
-0.15800372182693534
-0.14487564047289894
-0.10282275035817139
-0.04024102372260165
0.030374930507665106
0.0949264484987188
0.14052564724936337
0.1580685248476172
0.1440525988396529
0.10127618627992492
0.03827971228876189
-0.032359408650471246
-0.09653788713509084
-0.14144231829968074
-0.15810741237140682
-0.1432059387504925
-0.09971301649559852
-0.03631212384516979
0.03433858143589003
0.09813349710477084
0.14233579764918317
0.15812037556088684
0.14233579764918303
0.09813349710477037
0.03433858143588937
-0.03631212384517042
-0.09971301649559919
-0.14320593875049287
-0.15810741237140702
-0.14144231829968046
-0.09653788713509015
-0.032359408650470656
0.038279712288762556
0.10127618627992559
0.14405259883965346
0.15806852484761738
0.14052564724936317
0.09492644849871837
0.03037493050766455
-0.0402410237226024
-0.10282275035817229
-0.14487564047289944
-0.15800372182693587
-0.13958593696448154
-0.09329944457205534
-0.028385465855009305
0.04219574851425886
0.10435246604932495
0.14567492549922756
0.1579129832071906
0.13862328346275146
0.09165708668723031
0.026391351425411456
-0.04414342104629248
-0.10586479766883201
-0.1464500408692784
-0.1577963593430736
-0.13763854211268353
-0.09000102909039877
-0.02439429144771471
0.0460838424724271
0.1073627253459546
0.14720739225839344
0.15766069440454666
0.13663216248755838
0.08831714637304665
0.022362859795707506
-0.0480532805733513
-0.10885296484146274
-0.14787581910640288
-0.15733506293315208
-0.1354192777659207
-0.08660987001669103
-0.02067765691338474
0.049313056177637
0.10959848373330806
0.14840588951910025
0.15820826171915073
0.13706325869377844
0.0887024221342955
0.021474909688884325
-0.05345451909164687
-0.12430639975111873
-0.180904042774358
-0.2165264352489473
1.325463272458716
0.20166466576863334
0.15842663469244664
0.09629458486775805
0.02398032733862741
-0.0468438184621696
-0.10394866784252976
-0.13711138147471844
-0.1403484481130629
-0.11339457104363454
-0.06211639927119894
0.0024500729747211148
0.06636231711272374
0.11575043503563923
0.1398193606083232
0.13321841818010155
0.09727568979414493
0.039829967532869374
-0.026451500067051915
-0.08692555330922869
-0.12823499675697858
-0.14126190092139315
-0.12313454867161498
-0.07785434699852015
-0.015408938989759528
0.05043179323187555
0.10515155056130626
0.13668706643461329
0.13808669295589418
0.10904245585857028
0.05595787669433065
-0.009463589323724354
-0.07279856655905019
-0.12008357319857872
-0.14089358152255868
-0.1306405095440737
-0.09158482367762455
-0.03233719539307757
0.034039913766719616
0.09291217608034114
0.13129987425307799
0.14073957619411573
0.11915008803343598
0.07129129722592795
0.007714746307907624
-0.057562691848603006
-0.11014914699125873
-0.1384507603427505
-0.13622780928256972
-0.1039703933489797
-0.04879038083035442
0.017146561413378836
0.07930316096968938
0.12397560640279316
0.14131485874599067
0.12749809228408104
0.08557152194619709
0.024778797159707582
-0.04147696725019345
-0.0985882072739189
-0.1339634736718468
-0.13980349836676503
-0.11482071739631325
-0.06452314316276762
2.441419094476114e-16
0.06452314316276762
0.11482071739631337
0.1398034983667649
0.13396347367184666
0.09858820727391861
0.041476967250193314
-0.024778797159707936
-0.08557152194619709
-0.12749809228408093
-0.14131485874599053
-0.12397560640279294
-0.07930316096968894
-0.017146561413378572
0.0487903808303545
0.10397039334897953
0.1362278092825695
0.1384507603427499
0.11014914699125816
0.05756269184860253
-0.007714746307908173
-0.0712912972259283
-0.119150088033436
-0.1407395761941153
-0.13129987425307738
-0.09291217608034058
-0.03403991376671929
0.03233719539307778
0.09158482367762442
0.1306405095440732
0.14089358152255815
0.12008357319857818
0.07279856655904975
0.00946358932372397
-0.0559578766943305
-0.10904245585856998
-0.13808669295589351
-0.1366870664346122
-0.10515155056130557
-0.05043179323187481
0.01540893898975995
0.07785434699851995
0.12313454867161486
0.14126190092139254
0.12823499675697775
0.08692555330922817
0.0264515000670515
-0.03982996753286965
-0.09727568979414467
-0.1332184181801012
-0.13981936060832248
-0.11575043503563909
-0.06636231711272333
-0.0024500729747204204
0.062116399271199135
0.11339457104363398
0.14034844811306257
0.13711138147471763
0.10394866784252967
0.046843818462169194
-0.023980327338627837
-0.09629458486775787
-0.1584266346924459
-0.20166466576863282
1.045723305920595
-0.18558589694577943
-0.13581879094863075
-0.07002302713792753
0.0012695586830161832
0.0653606092131465
0.11030784037603723
0.12768771558938177
0.11462284472550446
0.0746662064740271
0.017345709372576786
-0.043778056972033394
-0.09422213600958909
-0.1219978633531901
-0.12046179353549266
-0.08991894711876723
-0.03761464680824371
0.02387706948589322
0.07965202269997916
0.1161614301281382
0.12453335419638313
0.10272959470044514
0.05603339867829974
-0.004238731694144313
-0.06348367992063807
-0.10735051397363365
-0.1252155555514913
-0.11275372415983383
-0.07298459941182132
-0.01554041917295385
0.04566669350213794
0.09581364112090318
0.12275589790989579
0.1199685743274822
0.08812669137302424
0.034941812054888964
-0.026705504334826807
-0.0818851632717303
-0.11723340719095139
-0.12418935737065305
-0.1010683598699549
-0.053469992864656424
0.007078075808197432
0.06591193604677455
0.1087828362990529
0.1253080358499521
0.111485360454785
0.0706624721865873
0.01272611089991169
-0.04829233778298157
-0.09761504981955628
-0.12329674697117834
-0.11911767769681643
-0.0860899548492481
-0.03221243597972433
0.029466489231338766
0.08400903839166847
0.11820576063069407
0.12377468287586207
0.09936708917995121
0.05089416107945448
-0.009904628796479263
-0.06830465460035327
-0.11016223795700433
-0.12534005121219985
-0.11016223795700411
-0.06830465460035297
-0.009904628796478862
0.05089416107945481
0.09936708917995148
0.12377468287586238
0.11820576063069411
0.08400903839166814
0.029466489231338155
-0.0322124359797246
-0.08608995484924861
-0.11911767769681678
-0.12329674697117855
-0.09761504981955621
-0.04829233778298126
0.012726110899912265
0.0706624721865878
0.11148536045478553
0.12530803584995254
0.10878283629905304
0.06591193604677427
0.007078075808197177
-0.053469992864656875
-0.10106835986995531
-0.12418935737065342
-0.11723340719095195
-0.08188516327173047
-0.026705504334826685
0.034941812054889256
0.08812669137302465
0.11996857432748244
0.12275589790989598
0.0958136411209032
0.045666693502137985
-0.015540419172954002
-0.07298459941182153
-0.11275372415983416
-0.12521555555149153
-0.10735051397363406
-0.06348367992063791
-0.004238731694144336
0.056033398678300116
0.10272959470044553
0.1245333541963827
0.11616143012813843
0.07965202269997945
0.023877069485893333
-0.03761464680824401
-0.08991894711876779
-0.12046179353549273
-0.1219978633531907
-0.09422213600958936
-0.043778056972033165
0.01734570937257688
0.07466620647402727
0.11462284472550469
0.1276877155893823
0.11030784037603762
0.06536060921314685
0.0012695586830158935
-0.07002302713792798
-0.13581879094863109
-0.18558589694577998
0.8110450272909595
0.1686793902721676
0.11368852307015562
0.04619835593234323
-0.021739671638672277
-0.07698764794909095
-0.10867381390278373
-0.1109464352573588
-0.08451855780905035
-0.03669702535781798
0.020090831680271398
0.07118581064939705
0.10340479360444038
0.10844769191236045
0.08504711627486732
0.03930374497659726
-0.016850605242038564
-0.06864791812553768
-0.10234822979425556
-0.10897409395421857
-0.08673530375542943
-0.04151000754416125
0.014721419066056047
0.06706027170806378
0.10164153146203345
0.10930682710246326
0.08802787678543063
0.0434411035560209
-0.012646572616791632
-0.06538453481790264
-0.10081011912881199
-0.10954470424106684
-0.08927623508920486
-0.04537117955509585
0.010546191209133665
0.06367126977344996
0.09993867882444996
0.10974621726903619
0.09049719044112213
0.04728796284866233
-0.008441335051843132
-0.06193571130354891
-0.09903188127591896
-0.10990817843890908
-0.09168496567486695
-0.049187055271270964
0.006333720118975487
0.060177567853276576
0.09808868316007341
0.11002964434492597
0.09283893966996178
0.05106801465514367
-0.004223778026751181
-0.05839727456500696
-0.09710939364429208
-0.11011063867076831
-0.09395877454247586
-0.05293020057624885
0.0021122773411622656
0.0565955045547419
0.096094394702467
0.1101511439487386
0.09504405970692395
0.054772923300536236
1.7198560938875935e-16
-0.0547729233005358
-0.09504405970692374
-0.11015114394873864
-0.09609439470246728
-0.05659550455474221
-0.0021122773411627886
0.05293020057624858
0.0939587745424756
0.11011063867076834
0.09710939364429223
0.05839727456500747
0.004223778026751577
-0.05106801465514315
-0.09283893966996157
-0.11002964434492614
-0.09808868316007345
-0.06017756785327689
-0.0063337201189758285
0.04918705527127055
0.09168496567486684
0.10990817843890906
0.09903188127591923
0.06193571130354895
0.008441335051843345
-0.04728796284866218
-0.0904971904411218
-0.10974621726903616
-0.09993867882445014
-0.06367126977345004
-0.010546191209133802
0.045371179555095696
0.08927623508920465
0.10954470424106702
0.10081011912881224
0.06538453481790296
0.012646572616791784
-0.043441103556020655
-0.08802787678543068
-0.1093068271024635
-0.10164153146203378
-0.06706027170806403
-0.014721419066056327
0.04151000754416153
0.08673530375542941
0.10897409395421853
0.10234822979425594
0.06864791812553792
0.01685060524203865
-0.039303744976597554
-0.08504711627486719
-0.10844769191236037
-0.10340479360444069
-0.07118581064939712
-0.020090831680271308
0.03669702535781797
0.08451855780905049
0.11094643525735907
0.10867381390278384
0.076987647949091
0.021739671638673012
-0.046198355932343005
-0.11368852307015634
-0.1686793902721679
0.6178691585182591
-0.1513336515069817
-0.09259367070220763
-0.025375613024630855
0.037164407356105995
0.08210762467157395
0.10040877072972942
0.08938345946148188
0.05348330556428941
0.003263436035220711
-0.04713460303029668
-0.08361829031085904
-0.09603820965655677
-0.08104116158979312
-0.042994662189853844
0.007265813644798348
0.05546667538518752
0.08782108425980518
0.09495932047782263
0.07475187155189243
0.032979677240394856
-0.018327178970956107
-0.0643716647219213
-0.0918700958237075
-0.09288903163703888
-0.0671329164010105
-0.022026545224693692
0.02942807754157011
0.07240092928376973
0.0945082008888746
0.08938024496921015
0.05849595163537188
0.010755778095451455
-0.0400832021883969
-0.07937131679270355
-0.09578746555883291
-0.08460127135165457
-0.049036194523897875
0.0006592717819546935
0.05016476444907663
0.08521462095262108
0.0957087301803189
0.07862304340997664
0.038881018886030044
-0.012065130719489753
-0.0595345549064511
-0.08984826517991912
-0.0942709339504184
-0.07152810466175134
-0.028173443874662803
0.023299791731929698
0.06805886444665782
0.09320581795960406
0.0914942045109248
0.0634172501116762
0.017065724117526052
-0.03420352979874938
-0.07561655577053576
-0.09523960857748295
-0.08741802991513979
-0.05440571761250315
-0.005715633324564851
0.04462149100576971
0.08210030569195335
0.095920763640938
0.08210030569195341
0.04462149100577012
-0.005715633324564339
-0.05440571761250278
-0.08741802991513946
-0.0952396085774832
-0.07561655577053625
-0.03420352979874988
0.017065724117525726
0.06341725011167568
0.09149420451092492
0.09320581795960427
0.06805886444665842
0.023299791731930166
-0.02817344387466226
-0.07152810466175104
-0.09427093395041845
-0.08984826517991935
-0.05953455490645148
-0.01206513071949032
0.03888101888602966
0.07862304340997639
0.09570873018031895
0.08521462095262125
0.05016476444907688
0.0006592717819553724
-0.049036194523897715
-0.0846012713516541
-0.09578746555883298
-0.07937131679270351
-0.040083202188397
0.01075577809545107
0.05849595163537135
0.08938024496920997
0.09450820088887446
0.07240092928376982
0.029428077541570268
-0.022026545224693737
-0.06713291640100981
-0.09288903163703884
-0.09187009582370713
-0.06437166472192127
-0.01832717897095642
0.032979677240395265
0.07475187155189214
0.09495932047782217
0.08782108425980488
0.05546667538518742
0.007265813644798503
-0.04299466218985361
-0.0810411615897923
-0.09603820965655686
-0.08361829031085904
-0.0471346030302966
0.00326343603522064
0.053483305564289034
0.08938345946148135
0.10040877072972951
0.08210762467157393
0.03716440735610641
-0.02537561302463061
-0.09259367070220778
-0.15133365150698133
