12 0.96 1.5
21.6107622328
-0.903739818929
-0.90850114658
-0.913788573599
-0.919626179102
-0.926025737795
-0.932980555259
-0.940457410438
-0.948386292189
-0.956647575336
-0.965056419804
-0.97334443007
-0.981138960775
-0.987941135094
-0.993104567858
-0.99581798722
-0.995096530837
-0.989788264729
-0.978604046874
-0.960179737817
-0.933179288037
-0.896444000233
-0.849186472085
-0.791215598504
-0.723162178148
-0.646651448116
-0.564343655221
-0.479740331495
-0.396722226483
-0.318999145812
-0.249608303906
-0.190512648147
-0.142371843473
-0.104569375027
-0.0755730612058
-0.053648152368
-0.0373804062215
-0.0255801716796
-0.0172133538984
-0.0114058993135
-0.00745091768437
-0.00480221927686
-0.00305470302527
-0.00191775511997
-0.00118812909342
-0.000726279027803
-0.000437888433055
-0.000260241148374
-0.000152296820823
-8.76290116013e-05
-4.9473210678e-05
-2.73357737485e-05
-1.47317279428e-05
-7.70860975205e-06
-3.89311901189e-06
-1.88263388428e-06
-8.62188641432e-07
-3.6811872435e-07
-1.43258205473e-07
-4.90424629706e-08
-1.39385387275e-08
-2.95657609233e-09
-3.73643227977e-10
-1.49601360463e-11
-7.15744697911e-14
9.04684855661
-0.258919340071
-0.257112221709
-0.254926761733
-0.252273635391
-0.24904097872
-0.245088830728
-0.240242458432
-0.234284475084
-0.226945804645
-0.21789572695
-0.206731516065
-0.192968681694
-0.176033378932
-0.155259153616
-0.129891583894
-0.0991055668831
-0.0620406377871
-0.0178597558851
0.0341629876122
0.0945209150877
0.16332209053
0.240115915364
0.323714071057
0.412047685716
0.502101104169
0.58999341901
0.671266623433
0.741391746351
0.796337936849
0.83308824119
0.850037117068
0.847192408964
0.826113985482
0.789545982896
0.740767870058
0.68307554217
0.619670348946
0.55352558549
0.487237038139
0.422923619593
0.362191172608
0.306150972825
0.255474651156
0.210468348928
0.171150548425
0.137326066636
0.108651467438
0.0846888930232
0.0649498699791
0.0489289900882
0.0361281103333
0.0260725815317
0.018321998188
0.0124763870178
0.00817879999057
0.0051152622928
0.00301360841971
0.00164146017572
0.000802874415075
0.000336024450345
0.000110099231077
2.33387371126e-05
1.86642204671e-06
2.28719389054e-08
7.02100024772
0.162546769298
0.160788927592
0.158695601337
0.156194821324
0.153197976022
0.149596080768
0.145255435629
0.140012696957
0.133669535819
0.12598723228
0.116681809117
0.105420736653
0.0918227269722
0.0754628454693
0.055885933931
0.0326319802312
0.00527753630775
-0.0265020701808
-0.0628464382402
-0.103600547886
-0.148183866333
-0.195450671634
-0.243565254572
-0.289919546128
-0.331145689458
-0.363265447162
-0.382038269205
-0.383489173711
-0.364489749406
-0.323272857139
-0.259808641422
-0.175970645591
-0.0754213474714
0.0368139817396
0.155044887799
0.273530346517
0.386776584219
0.489844604482
0.578636277158
0.650090197809
0.702270568776
0.734358583205
0.746567753888
0.740006954455
0.716513708319
0.678474408834
0.62864509482
0.569981460438
0.505483141674
0.43805650546
0.370400555174
0.304914043607
0.243624035147
0.188138713204
0.139618396528
0.0987650744113
0.0658300956467
0.0406379694813
0.0226155780814
0.0108460618613
0.00412392384465
0.00103838447277
0.000103899547959
1.70161923124e-06
5.76443896965
-0.149863348244
-0.147783965686
-0.145324975212
-0.142409205264
-0.138942656855
-0.134811020588
-0.129875746904
-0.123969770173
-0.116893171431
-0.108409276611
-0.0982419837342
-0.0860755910517
-0.0715589359071
-0.0543164930516
-0.0339696855922
-0.0101721013481
0.0173373882792
0.0486591187034
0.0836327820255
0.121717518138
0.161857142459
0.202348477904
0.240745750678
0.27383406929
0.297733889381
0.308180684478
0.30103789794
0.273006527
0.222362928823
0.149564818871
0.0576245340982
-0.0478544627177
-0.159057820507
-0.26677391268
-0.361563047118
-0.434839687745
-0.479561245855
-0.490843433606
-0.466423473018
-0.406868353479
-0.315503775921
-0.198085355564
-0.0622651069263
0.0830795720499
0.228581767974
0.365118012165
0.484485894048
0.579978428363
0.64681642896
0.682410915333
0.686460144411
0.660878676689
0.609555116078
0.537991748896
0.45282641963
0.361284410542
0.270591059452
0.187366257296
0.117018854821
0.0632032176608
0.027289280644
0.00793679900162
0.000955307487565
1.97718689458e-05
4.66127888637
0.140123721719
0.137707407669
0.134865471757
0.131515430604
0.127557857716
0.122873201417
0.117318348649
0.110723122431
0.102887124651
0.0935775872763
0.0825292350704
0.0694476900025
0.054018519895
0.0359249177743
0.0148774474586
-0.00934052816621
-0.0368081656117
-0.0673798878427
-0.100575894578
-0.135458521893
-0.170505761488
-0.203506688159
-0.231520245555
-0.250939915438
-0.257727249269
-0.247861304405
-0.218040094101
-0.166568792008
-0.094192716668
-0.00465936810335
0.0951296749656
0.1955083513
0.285035300392
0.352037398854
0.386522751772
0.381838949565
0.33562977451
0.250385967206
0.133458056272
-0.00357084032606
-0.146105029894
-0.278194966609
-0.384413787271
-0.451704797316
-0.470965981363
-0.438183475948
-0.354977246715
-0.228494501979
-0.0706684827587
0.103054559611
0.275408644516
0.429241289324
0.549419422835
0.62460552256
0.64863625186
0.621378350377
0.548988933791
0.44340902558
0.32108386643
0.200893499947
0.101040054897
0.0347809081578
0.00517559895321
0.000139393689777
3.7063848034
-0.129162875636
-0.126455885847
-0.123286551089
-0.11956921169
-0.115201697785
-0.110062595526
-0.104008488839
-0.0968714578283
-0.0884573752612
-0.0785458277361
-0.066892860562
-0.0532382993138
-0.0373199663033
-0.0188979046516
0.00220799504648
0.0260637270972
0.0525476383603
0.0812566083363
0.111395594599
0.141662558692
0.170148274348
0.194282648107
0.210874270012
0.216294526206
0.206858754157
0.179445610649
0.132349489806
0.0662548377828
-0.0150031662786
-0.104162234462
-0.190903068995
-0.262972348734
-0.308019603784
-0.315948047376
-0.281385310829
-0.20538727162
-0.0957805949756
0.0335067080896
0.164166483804
0.276165425976
0.350950517007
0.374663096721
0.340783819115
0.251707404853
0.118919848916
-0.0383235083004
-0.195674048714
-0.327332347138
-0.410111083391
-0.427327833086
-0.371879978204
-0.247938848364
-0.0710572635582
0.133625270813
0.334861683842
0.500075641676
0.601178289601
0.620352637808
0.555233317937
0.422419316776
0.257430209847
0.108570737635
0.0207226487371
0.000755040234459
2.90354915521
0.11745490904
0.114519173404
0.111095689235
0.107097938099
0.102423848368
0.0969536298629
0.0905478358036
0.0830460255846
0.0742666917768
0.0640094239443
0.0520606697677
0.0382050055524
0.022244336437
0.00402800960078
-0.0165030773191
-0.0392558588049
-0.0639068332104
-0.0898083794052
-0.115887422439
-0.140552243168
-0.16163565911
-0.17641177847
-0.181733513375
-0.174345113845
-0.151400689368
-0.111208616108
-0.0541431163296
0.0164503996927
0.0937833386475
0.167886062401
0.226735832988
0.258237055256
0.252817392344
0.20618895331
0.12161654749
0.0105768685577
-0.108769279193
-0.214602842001
-0.285573892655
-0.305344799875
-0.266577714148
-0.173387197224
-0.0415339334626
0.103911413968
0.233152548821
0.317695650226
0.336623715921
0.281780171941
0.160685068196
-0.00365701911684
-0.17633934099
-0.317024948655
-0.388460639934
-0.365381950458
-0.241993267443
-0.0365814622842
0.209158358274
0.436186092331
0.581183801334
0.595938900304
0.470680871379
0.255728697591
0.065709566244
0.00340390970189
2.24582340211
-0.105552786043
-0.102457724334
-0.098861374045
-0.0946785554958
-0.0898099251205
-0.0841404570519
-0.0775384088245
-0.069855229566
-0.0609271791734
-0.0505797471809
-0.0386363427447
-0.0249332428494
-0.00934318636477
0.00818978638057
0.0276017656132
0.048645237237
0.0708109870618
0.0932417183446
0.114649621158
0.133257082486
0.146796085343
0.152606319131
0.147874106504
0.130059110335
0.0975103366273
0.050252981983
-0.00916666976885
-0.0750197069112
-0.138405902286
-0.188218098985
-0.213074349459
-0.203979394119
-0.157204264066
-0.0766566651867
0.0250969396612
0.128285997012
0.210079997504
0.249981309185
0.235309882837
0.165414378429
0.0532741775581
-0.0763205774616
-0.191970892367
-0.263255123
-0.268909102451
-0.203428026152
-0.080106726566
0.0707004360838
0.208193183412
0.291468131684
0.291204923061
0.199789825095
0.0368689684081
-0.152150251036
-0.30528772146
-0.36105772425
-0.279067606779
-0.061638455062
0.233462878761
0.496259452514
0.596114057089
0.455777528756
0.169323184902
0.0134020956844
1.72083070926
0.093399448307
0.0902348265976
0.0865697117134
0.0823226232585
0.0773996799546
0.0716937632702
0.065084405872
0.0574389320386
0.0486156949046
0.0384705702591
0.0268682200019
0.0137000814866
-0.00108871382608
-0.0174614983491
-0.0352396920246
-0.0540398391559
-0.0732011148257
-0.0917132171195
-0.108161081193
-0.120708272924
-0.127158492352
-0.125133925555
-0.112401963617
-0.0873777777165
-0.0497717170322
-0.00131310776825
0.0536032000771
0.107643198395
0.1511312566
0.173710850034
0.166874477088
0.126835839798
0.0569616498618
-0.0311344881882
-0.118609083653
-0.183307269187
-0.206054811293
-0.176876866965
-0.0992890761437
0.00890743684745
0.119146851734
0.19948568601
0.224057482467
0.181829582554
0.0817083278324
-0.0481745942093
-0.167527622509
-0.23585654203
-0.226090807561
-0.135557966768
0.00978558911998
0.160360764526
0.257555127253
0.254525178124
0.137997890634
-0.0576800424713
-0.250602995816
-0.33522966138
-0.226465724058
0.0765340660599
0.434781677026
0.5875366693
0.357627498993
0.048922623037
1.32174487178
-0.0796974460554
-0.0766322513026
-0.0730927072934
-0.0690047206339
-0.0642839774894
-0.0588357533823
-0.0525556246661
-0.0453316408311
-0.0370488213359
-0.0275971273376
-0.016884354352
-0.00485572524703
0.00847796978548
0.0230024451407
0.0384516443944
0.0543505664647
0.0699543628543
0.0841964626498
0.0956648862857
0.10262966647
0.103159179077
0.0953576870501
0.0777408727033
0.0497483044147
0.0123339232796
-0.0314796554787
-0.0762495604737
-0.114273035403
-0.13669790475
-0.135628516555
-0.106786792748
-0.0519567525528
0.0197083147092
0.0923423872396
0.1463789302
0.164086076574
0.13625964774
0.0668818786186
-0.0261691848547
-0.115193838632
-0.17086604224
-0.172244455785
-0.115203073199
-0.0158968978754
0.0927987405168
0.171567600598
0.188734249092
0.133359831408
0.0221376224453
-0.103681103466
-0.191760553024
-0.199297335736
-0.113724247361
0.0352034139198
0.17962546317
0.238119575849
0.15701967625
-0.0461825254893
-0.255537535704
-0.289487917296
-0.0205968744966
0.437060113982
0.585204428275
0.179352533004
1.05692605526
0.0557250961826
0.0533639093703
0.0506435648955
0.0475098636806
0.0439018018195
0.0397517970369
0.0349867306957
0.0295302643534
0.0233071202748
0.0162502204877
0.00831177006528
-0.00052044500831
-0.0102003447104
-0.0205939389916
-0.0314430969787
-0.0423248816968
-0.0526118975862
-0.0614452237083
-0.0677364182541
-0.0702171261658
-0.0675630935176
-0.0586121656502
-0.0426789012906
-0.0199434900777
0.008147079162
0.038580754128
0.0667125078996
0.0866611050992
0.0924580691834
0.079868363985
0.0483668624856
0.0025418727089
-0.0478066020808
-0.0893462356101
-0.108593579748
-0.0966686795555
-0.0538725276818
0.00866314660122
0.071345551243
0.112196091186
0.114851642525
0.0756037245437
0.00644801563742
-0.0677679654985
-0.117861955852
-0.121809282916
-0.0748353775879
0.00640421979392
0.0883807474539
0.133489426972
0.116881036873
0.0406269097675
-0.0623376753013
-0.138697234272
-0.139556805729
-0.0505100401169
0.085954159003
0.176948210272
0.127895056143
-0.0697966863364
-0.24921375144
-0.0880869736359
0.414532692415
0.71805653132
0.945234177106
-0.0542124540393
-0.0518090471589
-0.0490430611479
-0.0458607041355
-0.0422017695821
-0.0380000471513
-0.0331846227306
-0.0276825482882
-0.0214235939547
-0.014347994344
-0.00641827476888
0.00236360918602
0.0119327210779
0.0221309273043
0.0326706964852
0.0430957051647
0.0527445436321
0.0607300688051
0.0659519074745
0.0671613103047
0.0631037544655
0.0527558641227
0.0356536966092
0.0122780039769
-0.0155742919374
-0.044560857992
-0.0698318754803
-0.0855644086685
-0.0862550925281
-0.0686246218894
-0.0335207105283
0.012971021053
0.0599306407027
0.0938720786112
0.10257034699
0.0798876243049
0.0298250319831
-0.0330280003819
-0.0873958175661
-0.112635176654
-0.0970138364643
-0.0436308822249
0.0289490788423
0.0925094647718
0.119968205723
0.0971894657373
0.0307732346375
-0.0523194725421
-0.114564106164
-0.124188217294
-0.0715925620766
0.0219547738552
0.109761081547
0.139922618863
0.0849110308942
-0.0340177646326
-0.143320772878
-0.150194387472
-0.0153140691226
0.17138669369
0.186652402852
-0.141908724449
-0.377060551615
0.678910916188
