15 0.95 1.5
45.7780924261
-0.909396083903
-0.911563030552
-0.91384169682
-0.916235356363
-0.918746854552
-0.92137867246
-0.924132784362
-0.927010492678
-0.930012342288
-0.933137949453
-0.936385825956
-0.939753135953
-0.943235543591
-0.946826969939
-0.950519266073
-0.954301942715
-0.958161797124
-0.962082593383
-0.966044671133
-0.970024474584
-0.973994142118
-0.977921000607
-0.981767083331
-0.985488572059
-0.989035322002
-0.99235035538
-0.995369322781
-0.998020064925
-1.00022222835
-1.00188694461
-1.00291664095
-1.00320499822
-1.00263709158
-1.00108977859
-0.998432366392
-0.994527601792
-0.989233046516
-0.982402891246
-0.973890215208
-0.963549829057
-0.951241563271
-0.936834143242
-0.920209695222
-0.901268646612
-0.879935011093
-0.856162086685
-0.82993824887
-0.80129262343
-0.770300348055
-0.737087097812
-0.701832385897
-0.664771079374
-0.62619257361
-0.58643673986
-0.545886051861
-0.504953619616
-0.464069161716
-0.423665365035
-0.384164619838
-0.345965948993
-0.309432573828
-0.274880200214
-0.242566798004
-0.212684300478
-0.185352643251
-0.160617001245
-0.138448812359
-0.118751495107
-0.101371373024
-0.086114843756
-0.072772542874
-0.0611489326812
-0.0510745526987
-0.042395848326
-0.0349688585452
-0.0286571309276
-0.0233314234566
-0.018870134392
-0.0151599862156
-0.0120967254483
-0.00958561753004
-0.00754171161285
-0.00588981626379
-0.00456419448635
-0.0035080525279
-0.00267285011211
-0.00201749525856
-0.00150749865349
-0.00111404370827
-0.000813052779107
-0.000584856008246
-0.000413761308621
-0.00028722256772
-0.000195155354168
-0.000129442679945
-8.35720506879e-05
-5.23594113543e-05
-3.17299409995e-05
-1.85366767892e-05
-1.040479331e-05
-5.5934222594e-06
-2.8710084309e-06
-1.40276075129e-06
-6.503147978e-07
-2.85082343329e-07
-1.17765033983e-07
-4.56843169112e-08
-1.65858584014e-08
-5.61710077796e-09
-1.76823477757e-09
-5.1547271524e-10
-1.38712500987e-10
-3.43206523214e-11
-7.77757759898e-12
-1.61158824713e-12
-3.03027329997e-13
-5.16441678515e-14
-7.97599825748e-15
-1.10456680146e-15
-1.36122440144e-16
-1.49357663893e-17
-1.45007578549e-18
-1.22646931026e-19
-8.76532874125e-21
-5.12234258541e-22
-2.35760905092e-23
-8.23063378282e-25
18.3895473446
-0.281822350564
-0.280897593451
-0.279889585365
-0.278789891965
-0.277589202753
-0.276277160073
-0.274842261602
-0.273271760044
-0.27155150154
-0.26966578456
-0.267597197969
-0.265326476719
-0.262832270807
-0.260090934387
-0.257076345796
-0.253759654256
-0.250109074877
-0.24608960327
-0.241662750645
-0.236786333971
-0.23141417467
-0.225495884632
-0.21897661502
-0.211796937292
-0.203892628833
-0.195194543069
-0.185628685434
-0.175116274649
-0.163573910661
-0.15091397046
-0.137045137566
-0.121873087242
-0.105301595772
-0.0872337353871
-0.0675735668684
-0.0462280051926
-0.0231091851787
0.00186273706063
0.0287564985233
0.0576259967427
0.0885064298597
0.121409912764
0.156320656481
0.1931901432
0.23193231242
0.272418638861
0.314473569571
0.357870693801
0.402329754276
0.447514958015
0.493034966529
0.53844506396
0.583251919611
0.626921579723
0.668890994179
0.708583060607
0.745423544407
0.77885769151
0.808366488896
0.833482543516
0.853804921371
0.869012763123
0.878876702109
0.88326776513
0.882163022567
0.87564736989
0.863910878159
0.84724122366
0.826010850923
0.800658519448
0.771665014746
0.739525005062
0.704732736119
0.667783694356
0.629172510558
0.589387116304
0.548901909409
0.508170676383
0.467619933103
0.427643361434
0.388597094886
0.350796454868
0.314513961067
0.279978236636
0.247374398098
0.216845321015
0.188493365498
0.162382897984
0.138537488602
0.116927202526
0.0974902937909
0.0801658809085
0.0648947274775
0.0516121788428
0.0402411654652
0.0306860958488
0.022828398368
0.0165245576876
0.0116072659478
0.00789024174808
0.00517644690559
0.00326874170746
0.00198128874678
0.00114948612206
0.000636481040404
0.000335362467008
0.000167648532705
7.92745005312e-05
3.53519402438e-05
1.48217779765e-05
5.82379045034e-06
2.13810752435e-06
7.30959532145e-07
2.31965065182e-07
6.81466187826e-08
1.84466740021e-08
4.59165728946e-09
1.04854444639e-09
2.18344835002e-10
4.12965414115e-11
7.09067140547e-12
1.10328964214e-12
1.54871312972e-13
1.94502079952e-14
2.17343568742e-15
2.15509091344e-16
1.8939036805e-17
12.7316144745
0.196204640273
0.195074974292
0.193853590248
0.192532195896
0.191101742165
0.189552259596
0.187872789989
0.186051319749
0.184074648196
0.181928287792
0.179596348314
0.17706144925
0.174304544233
0.171304780648
0.168039404626
0.164483598092
0.160610382395
0.156390451037
0.151792043348
0.146780896009
0.141320119915
0.135370190045
0.128888922143
0.121831608507
0.114151087228
0.105797932489
0.0967208878758
0.0868673179975
0.0761837998788
0.0646169695335
0.0521145384511
0.0386265245306
0.0241069040131
0.00851536526646
-0.00818045930938
-0.0260025278214
-0.044959484946
-0.0650434335569
-0.0862264378548
-0.108456490136
-0.131653561151
-0.155705322586
-0.180462633088
-0.205735474716
-0.231289112715
-0.256840635945
-0.28205653627
-0.306551249508
-0.329887463963
-0.351578111003
-0.371090834817
-0.387855196968
-0.401273023304
-0.41073246749
-0.415625833689
-0.415371248888
-0.409435763038
-0.397357950278
-0.378769666373
-0.353416269646
-0.321175161765
-0.282070982504
-0.23628766651
-0.184175670557
-0.126254055925
-0.0632065035632
0.00412956367804
0.0747800867649
0.147659435025
0.221602001237
0.295401059932
0.367852107304
0.437781780134
0.504062168502
0.565628171172
0.621498409107
0.670795901065
0.712766999607
0.746798541121
0.772430824902
0.789367904034
0.797483228891
0.796821732612
0.787597928366
0.770190082417
0.745131390448
0.713097408159
0.674891178845
0.631413928509
0.583595565953
0.532375862895
0.478760832253
0.423841486414
0.368784577628
0.314803974006
0.263112101778
0.214852783285
0.171022116597
0.13238742516
0.099419616731
0.0722540844643
0.0506919239044
0.0342453000085
0.0222185816602
0.0138077972501
0.00819681450694
0.0046353084222
0.00249003116271
0.00126705786561
0.000608979588865
0.000275632542434
0.000117147235489
4.66058552297e-05
1.7304807884e-05
5.97988389391e-06
1.91565732836e-06
5.67612748263e-07
1.55144836866e-07
3.89266009017e-08
8.93432749804e-09
1.87324929548e-09
3.58014445681e-10
6.2110870579e-11
9.71612361186e-12
1.36395142062e-12
1.71417191864e-13
1.92100133328e-14
9.19794887036
-0.165465385564
-0.164136792151
-0.162705620241
-0.161163190671
-0.159500103884
-0.157706072753
-0.155769870546
-0.153679283974
-0.151420995371
-0.148980506616
-0.146342049815
-0.143488535469
-0.140401407692
-0.137060547475
-0.133444234604
-0.129529042672
-0.125289818043
-0.120699591939
-0.115729551161
-0.110349107463
-0.10452590146
-0.0982259454629
-0.091413770685
-0.0840527624381
-0.0761054463112
-0.0675339268859
-0.0583006033354
-0.0483689259399
-0.0377043205432
-0.0262753948957
-0.0140553360999
-0.00102354334015
0.0128323167
0.0275141565779
0.0430108673458
0.0592955199865
0.0763222079737
0.0940226786031
0.112302837325
0.131038946532
0.150074121566
0.169214846715
0.188227691977
0.206836880296
0.224722650185
0.241520655546
0.256823025832
0.270181242437
0.281111398783
0.289102094715
0.293625428158
0.294151454783
0.290166318701
0.281194327577
0.266823941361
0.246737155409
0.22073908904
0.188785224926
0.151005316056
0.107723180882
0.0594710444076
0.00699744730008
-0.0487328031595
-0.10654696959
-0.165082780486
-0.22281693511
-0.278103732136
-0.329224127812
-0.374443858768
-0.412080275878
-0.440576041427
-0.458574633738
-0.464977291891
-0.458976191053
-0.440087818709
-0.408182662425
-0.363506616426
-0.306693570773
-0.238763563319
-0.161110675783
-0.0754745086879
0.0160996441587
0.111314333108
0.207685984733
0.302619005675
0.393489668555
0.47773365829
0.55293896199
0.616949728141
0.667978557327
0.704585191563
0.725653357159
0.730486303237
0.718938381874
0.691538224581
0.649582308873
0.59516590404
0.531126294629
0.460881062374
0.388162835783
0.316679737714
0.249752144056
0.189994512674
0.13910246931
0.097785151109
0.0658424547834
0.0423598496466
0.0259723236463
0.0151373179037
0.00836409289853
0.00436950767969
0.0021523574015
0.000996806825821
0.000432826563154
0.000175720451511
6.64781691157e-05
2.33794264814e-05
7.6223063295e-06
2.29437541972e-06
6.35604828291e-07
1.61750163476e-07
3.7721292225e-08
8.03071000582e-09
1.5522919335e-09
2.71277190616e-10
4.27623976839e-11
6.03105274595e-12
6.78098265302
0.132027299934
0.130677627034
0.129227287187
0.127668183394
0.125991601577
0.124188058068
0.122247266304
0.120158110897
0.117908553614
0.115485584806
0.112875165418
0.110062210261
0.107030484215
0.103762552112
0.100239792167
0.0964423506259
0.0923491859837
0.0879380568566
0.0831855768346
0.0780673740086
0.0725581992175
0.066632179648
0.0602630898535
0.0534248133349
0.0460917725849
0.0382395176015
0.029845582152
0.0208903895906
0.0113583249066
0.00123907041353
-0.00947088618122
-0.0207665448029
-0.0326323277537
-0.0450399538084
-0.0579459740758
-0.0712892246971
-0.0849880714957
-0.0989376015824
-0.113006905055
-0.127036374227
-0.140835486786
-0.154180995292
-0.166815780154
-0.17844880471
-0.188756360363
-0.197384822022
-0.203955330667
-0.208070827319
-0.209325509487
-0.207317237136
-0.201662855115
-0.192016708603
-0.178092263509
-0.159686584814
-0.136707479431
-0.109202021872
-0.077382783148
-0.0416485338516
-0.0025981984426
0.0389629919252
0.0820266724906
0.125394616379
0.167703522472
0.207461016353
0.24309394491
0.273007655705
0.295655295437
0.309615278585
0.313674269187
0.306912811901
0.288789465387
0.25921739608
0.218607954422
0.167877843005
0.108442937469
0.0421951418971
-0.0285403218671
-0.10107182848
-0.172428166177
-0.239468216672
-0.299006016243
-0.347950508374
-0.38345270555
-0.403053504636
-0.404828786785
-0.387516595213
-0.350631705331
-0.294543194651
-0.220508121655
-0.130567402974
-0.0274954464728
0.0851055372263
0.20276518453
0.32022424035
0.431624023979
0.530847707991
0.611999935942
0.669996010244
0.701197659173
0.703971693408
0.679062683675
0.629649089081
0.561032524785
0.479973937399
0.393785387581
0.309356949642
0.232308678589
0.166434895775
0.113528023159
0.0735691031788
0.0451877755973
0.0262453621079
0.0143781060222
0.00741113131571
0.00358500633131
0.00162284560726
0.000685806943577
0.000269836496477
9.85116474733e-05
3.32739365453e-05
1.03758203085e-05
2.97954191365e-06
7.85220598782e-07
1.89061592763e-07
4.14339091493e-08
8.24362280809e-09
1.46717113163e-09
5.25716001958
-0.106148391597
-0.104864555047
-0.103487239074
-0.102009204471
-0.100422699076
-0.0987193239569
-0.0968900145068
-0.0949250299912
-0.092813880896
-0.0905453015306
-0.0881072163526
-0.0854867476649
-0.0826701453196
-0.0796427707134
-0.0763891438649
-0.0728929405557
-0.0691370774864
-0.0651037512866
-0.0607745458601
-0.0561306415728
-0.0511529850427
-0.0458225993162
-0.0401209179336
-0.0340302984602
-0.0275345157354
-0.0206194048946
-0.0132737448464
-0.00549018913367
0.00273365410375
0.0113939144369
0.0204790129139
0.0299680697989
0.0398290329737
0.050016791056
0.0604710632413
0.0711143187854
0.0818496283961
0.0925585971351
0.103099562194
0.113306057892
0.122985883338
0.131920830707
0.139867358393
0.146558461521
0.1517070482
0.155010988808
0.156160056966
0.154845249147
0.150770235029
0.143665439297
0.133304426059
0.119522610645
0.102237991189
0.0814732513642
0.0573788458244
0.0302553600074
0.00057122652742
-0.031027699605
-0.0637177400546
-0.0965072628196
-0.128257615791
-0.157715779285
-0.183558702157
-0.204448698316
-0.219098989306
-0.226346878385
-0.225232192159
-0.21507674409
-0.195561481895
-0.166795932057
-0.129375152782
-0.0844175289077
-0.0335564996435
0.0211145276716
0.0771197316679
0.131701026464
0.181941493133
0.224911552881
0.25783012193
0.278236907034
0.2841641733
0.274301046897
0.24813697644
0.206076422966
0.149510359622
0.0808415769381
0.00344647331736
-0.0784189943188
-0.15980874361
-0.235362302408
-0.299485965306
-0.346475639251
-0.370861767255
-0.367897850709
-0.334186752519
-0.268359842893
-0.171724385365
-0.0487444856743
0.0928457664753
0.242390202695
0.387273397776
0.514392324036
0.611983197289
0.671470199692
0.688882726568
0.665522629258
0.607652057795
0.52522432575
0.429962420912
0.333247560093
0.24432449988
0.169228184461
0.110557511026
0.0680040821248
0.0393052859472
0.0212996184633
0.0107989722871
0.00511045868888
0.00225103749415
0.000920536280077
0.000348738823627
0.000122096413783
3.93848591135e-05
1.1661679792e-05
3.15882201204e-06
7.80135595622e-07
1.71472252439e-07
4.25800988596
0.0866757253586
0.0854909322679
0.0842213994297
0.0828607558862
0.0814022068534
0.0798384178169
0.0781615056823
0.0763630387257
0.0744339808567
0.0723646790317
0.0701448466917
0.0677635868252
0.0652093463058
0.0624699225057
0.0595325298846
0.056383824484
0.0530100114607
0.049396914931
0.0455301137653
0.0413951724634
0.0369778415272
0.0322643882385
0.0272419535196
0.0218990720162
0.0162261784094
0.0102162491089
0.00386565310702
-0.0028249566899
-0.00984962483051
-0.0171958853914
-0.0248434500371
-0.0327627990408
-0.0409135650388
-0.0492429417851
-0.0576839651185
-0.0661539075248
-0.0745527111445
-0.0827615989887
-0.0906420617893
-0.0980352667462
-0.104762128609
-0.110624166958
-0.115405424159
-0.11887557562
-0.120794552505
-0.120918793482
-0.119009202023
-0.114841214381
-0.108216601282
-0.0989773162177
-0.0870209451667
-0.0723175280291
-0.0549273135098
-0.0350185917006
-0.0128850667555
0.0110390339104
0.0361700612955
0.0617756394898
0.0869856142232
0.110814075284
0.132192335254
0.150013149659
0.163184659725
0.170692991545
0.17167078791
0.165468357916
0.15172384555
0.130427077223
0.101973296533
0.0672007376943
0.0274078885867
-0.0156558432785
-0.0598507151408
-0.102756870078
-0.141805886322
-0.174430038732
-0.198227044678
-0.211132508752
-0.211591649311
-0.198717384076
-0.172424319836
-0.133524860896
-0.0837757903072
-0.0258664915757
0.0366631457269
0.0995714765956
0.158143357374
0.207477914074
0.242850270073
0.260081313833
0.255824616888
0.227913560282
0.175869048373
0.101440254139
0.00908187916555
-0.0937804059249
-0.196841691246
-0.287558573495
-0.352393869289
-0.378722608857
-0.357105932522
-0.283607200591
-0.161557976585
-0.00211270274698
0.176717626428
0.352722841644
0.503422928734
0.610339217926
0.662582231229
0.658737333739
0.606471519716
0.520041812091
0.41654651725
0.312055360278
0.218688360977
0.143287603198
0.0876925840406
0.0500583316156
0.0266034361068
0.0131378000893
0.00601798300181
0.00255164232388
0.000998933978626
0.000359980977094
0.000119040613938
3.59493195641e-05
9.55657099035e-06
3.57321871649
-0.0726109616593
-0.0715222987441
-0.0703568411917
-0.0691089510447
-0.0677726354464
-0.0663414454454
-0.0648084738849
-0.0631663620777
-0.0614072565156
-0.0595228062037
-0.0575041576225
-0.0553419871115
-0.0530264723783
-0.0505473135527
-0.047893810565
-0.045054904596
-0.0420192970399
-0.0387755371597
-0.0353121722062
-0.0316179854084
-0.0276822097157
-0.023494861537
-0.0190471006672
-0.0143317377148
-0.00934373127249
-0.00408080612573
0.00145574705377
0.00726023931304
0.0133216440048
0.0196225013775
0.026137748233
0.0328334891891
0.0396656182947
0.0465784973624
0.0535035780116
0.0603581933891
0.0670444629996
0.073448440759
0.0794397013449
0.0848714339944
0.089581222974
0.0933926602112
0.0961180383647
0.0975621874791
0.097527732864
0.0958218506397
0.0922645065331
0.0866984490737
0.0790005590835
0.0690946500511
0.0569652531708
0.0426719640681
0.0263638454964
0.00829296413556
-0.0111735635626
-0.0315447344977
-0.0522039011998
-0.0724171789722
-0.0913522882725
-0.108108211231
-0.121754784525
-0.131381981383
-0.136156303983
-0.135382694896
-0.128568069234
-0.115482726014
-0.0962152744381
-0.0712157183203
-0.0413227611724
-0.00777001584076
0.0278318201403
0.0635418913171
0.0971864559133
0.126502661466
0.149296158343
0.163606156967
0.167872667087
0.161093530793
0.142962477228
0.11397103034
0.0754661709073
0.029648656099
-0.0204939753356
-0.0713263800896
-0.118776903489
-0.158614764001
-0.18678572439
-0.199785768903
-0.195046696371
-0.171259536716
-0.12861548493
-0.0691275139459
0.00305578903439
0.0814733718409
0.157467309479
0.220714209894
0.260299899244
0.266376521993
0.232269235089
0.156744219764
0.0458585301608
-0.0862340748717
-0.218237997256
-0.324709609893
-0.380946041995
-0.368851721639
-0.282197463706
-0.129667294145
0.0657385076358
0.271354013406
0.452434251145
0.580471364684
0.639729647687
0.629887820168
0.564150027467
0.463858976184
0.351845009083
0.246799229926
0.160231058124
0.0962871601928
0.0535301316311
0.0275034412845
0.0130393157194
0.00569180689727
0.00228091964405
0.000832906344744
0.000262977611868
3.08233267569
0.0622584175211
0.0612549872895
0.0601815539842
0.0590330778874
0.0578042172052
0.0564892386522
0.0550820198875
0.0535760605604
0.051964448181
0.0502398621498
0.0483945765351
0.0464204980829
0.0443091497694
0.0420517011133
0.0396390512757
0.0370618810174
0.034310776941
0.0313763292271
0.0282492881947
0.0249208020723
0.0213826349572
0.0176274952136
0.0136493892239
0.00944410875979
0.00500970993895
0.000347100427958
-0.00453921490347
-0.00964036290773
-0.0149422414834
-0.0204245302979
-0.0260596498763
-0.0318116915594
-0.0376352425737
-0.0434742918951
-0.0492611322446
-0.0549154677257
-0.0603436858603
-0.0654384156067
-0.0700785556726
-0.0741298527869
-0.0774461705561
-0.0798715926801
-0.0812435774019
-0.0813971897314
-0.080170626971
-0.0774120831248
-0.0729878813027
-0.066792007091
-0.0587566718434
-0.048863805844
-0.0371570351604
-0.0237535906566
-0.00885561513
0.00724003788369
0.0241341755664
0.0413213629359
0.0581934856129
0.0740535118437
0.0881393734313
0.0996578658757
0.107827131844
0.111926917934
0.111353381366
0.105676354115
0.0946945547742
0.0784848513631
0.0574408978101
0.0322963524507
0.00412889795856
-0.0256588760278
-0.0553833221017
-0.0831517712312
-0.106980764423
-0.124954567349
-0.1353878511
-0.136984445669
-0.12898457659
-0.111286584897
-0.0845341908995
-0.050152550754
-0.0103274568145
0.0320840644374
0.0737112967993
0.110897118561
0.139983264939
0.157643164028
0.161236216372
0.149163620864
0.121171982559
0.0785409683185
0.0241821481581
-0.0372229761068
-0.0992397465588
-0.153960293253
-0.19268385554
-0.207043765628
-0.190600566202
-0.140720969417
-0.0604221049811
0.0404106657582
0.145054232816
0.23186145724
0.278308897304
0.266688255625
0.190301972278
0.0581125246172
-0.104221153519
-0.258354357145
-0.362340379118
-0.382552713344
-0.304654476616
-0.139540195369
0.0786526232809
0.302390640036
0.485009069908
0.594039344429
0.618821826037
0.570162632131
0.473145144238
0.35698049298
0.246137214489
0.155501714392
0.0901037226343
0.0478614706126
0.023244438254
0.0102022109454
0.0037707873467
2.71576572843
-0.0544174055986
-0.0534876739652
-0.0524936691228
-0.0514308394932
-0.0502943724203
-0.0490791142299
-0.0477795757902
-0.0463899464406
-0.0449040667276
-0.0433154370403
-0.0416172257934
-0.0398023108154
-0.0378632715265
-0.0357924252631
-0.033581913163
-0.0312237586692
-0.0287099936147
-0.0260327614735
-0.0231844759961
-0.0201580551637
-0.0169471385623
-0.0135464067588
-0.00995192481885
-0.00616160751043
-0.00217567701862
0.0020027821177
0.00636712854193
0.010906450604
0.0156047778961
0.0204401864959
0.0253838710589
0.0303992098375
0.0354407595999
0.0404533494862
0.0453712095779
0.0501173276334
0.0546030054141
0.0587277288073
0.0623795216718
0.0654358665816
0.0677653085471
0.0692298726425
0.0696884810174
0.0690013772274
0.0670357084809
0.0636722873857
0.0588134274154
0.0523918611349
0.0443804145307
0.0348021802756
0.0237407783664
0.0113500751412
-0.00213717841925
-0.0164026382172
-0.0310382520656
-0.0455461086167
-0.0593458376719
-0.0717919484805
-0.0822007273318
-0.0898861439329
-0.0942029421314
-0.0945955864891
-0.09064949988
-0.0821420777339
-0.069088749084
-0.0517802094043
-0.0308061662863
-0.00706161173694
0.018267781549
0.0437435331645
0.0677358177034
0.0885103044262
0.104355755402
0.113744639093
0.115488371088
0.108878247799
0.0938031018265
0.0708301322314
0.0412401949383
0.00700397689599
-0.0293041902042
-0.0646609414863
-0.095810703153
-0.119539951597
-0.132987581748
-0.133976667314
-0.121329544531
-0.095145733634
-0.056978390458
-0.00986028428118
0.0417615802346
0.0921072424332
0.134384656584
0.161424980495
0.166701452495
0.14568865259
0.0974431222428
0.0260570963521
-0.0584604072144
-0.140544745528
-0.201130724402
-0.221683421712
-0.189694679618
-0.104351187483
0.0196497958639
0.152459104869
0.254988794023
0.290144776601
0.23649788965
0.0993150876533
-0.0862946942072
-0.263401031537
-0.371323045232
-0.367455384422
-0.243811957369
-0.0308112533687
0.213908754881
0.426911958861
0.56096833855
0.598265495917
0.55061972631
0.448890596659
0.328310263262
0.216641259295
0.12887656653
0.0679809286533
0.0290908316034
2.42997952967
-0.0489830244545
-0.0481043544671
-0.0471654098235
-0.0461619825585
-0.0450896328808
-0.043943615934
-0.0427188896828
-0.0414101310189
-0.04001171347
-0.0385177192704
-0.0369219515732
-0.0352179784909
-0.0333991316226
-0.0314585469584
-0.0293892531339
-0.0271842349727
-0.0248365613596
-0.022339492879
-0.019686642448
-0.0168722071405
-0.0138911856515
-0.0107396917628
-0.00741529094769
-0.00391745003441
-0.000247979693991
0.00358843404017
0.00758357260326
0.0117250140842
0.0159953988109
0.0203716057222
0.0248239101728
0.0293151517015
0.0337998586096
0.0382234869976
0.0425217244287
0.046620039181
0.0504334568482
0.0538666736548
0.0568146631082
0.0591638599806
0.0607940231617
0.0615808923124
0.0613997965894
0.0601302146253
0.0576613764294
0.053898909575
0.0487724003117
0.0422437714392
0.0343161940917
0.0250431486536
0.014537255482
0.00297819531385
-0.00938081893819
-0.0222088024602
-0.0350956429759
-0.0475548338896
-0.0590337753359
-0.0689337405636
-0.0766388682739
-0.0815532147038
-0.0831437447825
-0.0809874579545
-0.074818886911
-0.0645750808739
-0.0504333011595
-0.0328376304235
-0.0125100055133
0.00955748926398
0.0321319970255
0.0537918447922
0.0730002524398
0.0882010285726
0.0979498356992
0.101071586696
0.0968037431063
0.0849162115082
0.0657981979916
0.0404999352365
0.0107211206996
-0.0212632293202
-0.0527404047292
-0.0807608185987
-0.102390958651
-0.115007130438
-0.116602044762
-0.106084948241
-0.0835315759223
-0.0503620394826
-0.00938371719135
0.0353356403967
0.0786825238507
0.114773984806
0.137504967006
0.141402359071
0.122770635479
0.081005071143
0.0198293316362
-0.0519791275749
-0.120863343503
-0.170310830671
-0.184381311123
-0.152674757587
-0.0755047176539
0.0325848740191
0.143279089838
0.220527116948
0.23187748958
0.162318931763
0.0250210922188
-0.137179591603
-0.263239357277
-0.29677764396
-0.211956577047
-0.0299974033711
0.183769911224
0.344012683526
0.381279558161
0.272486902369
0.0504471216575
-0.21208773811
-0.434769942753
-0.56147385393
-0.576668292478
-0.501640463793
-0.376744072619
-0.240843055431
-0.118513805581
2.18291040353
-0.04752600954
-0.0466342866229
-0.0456818356697
-0.0446644742077
-0.0435777984968
-0.0424171113807
-0.0411774327716
-0.0398535187741
-0.0384398423482
-0.0369306092582
-0.035319774704
-0.033601092681
-0.0317681200904
-0.0298142644743
-0.027732880288
-0.0255173411825
-0.0231611779975
-0.0206581974587
-0.0180026552369
-0.0151895012231
-0.01221461138
-0.00907511651536
-0.00576975467275
-0.002299336198
0.00133279887796
0.00512023614632
0.00905282082008
0.0131159825989
0.0172900036376
0.0215492074761
0.0258611420986
0.0301857894317
0.0344747540808
0.0386705895518
0.0427062211654
0.0465046462461
0.0499789023405
0.0530324159557
0.0555598839479
0.0574487759131
0.0585815556923
0.0588387240953
0.0581028232081
0.0562633976083
0.0532229454451
0.0489038431075
0.0432560866364
0.036265638127
0.0279631230942
0.0184323499546
0.00781828123025
-0.003666303111
-0.0157360166253
-0.028030704081
-0.0401165736243
-0.0514917318421
-0.0615997271695
-0.0698530482308
-0.0756656279123
-0.0784928857778
-0.0778767874742
-0.0734935063833
-0.0651995741534
-0.0530730791862
-0.037444929075
-0.0189162761255
0.00164234472477
0.023112601695
0.0441731556999
0.0633670426868
0.0791895713631
0.0901953585877
0.0951375967091
0.0931277400383
0.0837712161787
0.0672692531838
0.044476520387
0.0169040947452
-0.013339849883
-0.0436760880906
-0.0712453450844
-0.0931566885034
-0.106776985437
-0.110042302852
-0.101756986971
-0.0818550745567
-0.0515768835149
-0.0135361386621
0.0283786067924
0.0692898607559
0.103698140865
0.125948267158
0.130973151181
0.115305467772
0.0782472921044
0.0229930759296
-0.0426533136338
-0.106444341281
-0.153205420812
-0.167998115906
-0.140685283314
-0.0709642497294
0.0280154258457
0.129637127601
0.199391436179
0.206072418498
0.135910080755
0.00396777418613
-0.144382153675
-0.246499743369
-0.248524702899
-0.134649393506
0.0561862180028
0.239467920621
0.321576856243
0.248647588549
0.0412606162678
-0.208177516453
-0.378401452417
-0.380682941711
-0.204118369218
0.0808987298494
0.361352961454
0.537569003475
0.563687359218
0.453257136577
0.258340838171
1.93590757305
0.0483914341172
0.0474387145704
0.0464216221624
0.0453357892817
0.0441766279636
0.0429392553158
0.0416185075824
0.0402089637845
0.0387049288601
0.0371004549856
0.0353893642541
0.0335653068213
0.0316217717948
0.0295521454486
0.0273498218564
0.025008289142
0.022521286412
0.0198829414716
0.0170879672494
0.0141319353014
0.0110115361934
0.00772494269572
0.00427219815566
0.0006557225937
-0.00311919025654
-0.00704378657143
-0.0111051440149
-0.0152854597879
-0.0195612876963
-0.0239027051444
-0.0282724899488
-0.0326253449175
-0.0369071284492
-0.0410542585046
-0.0449932569885
-0.0486406222256
-0.0519030315534
-0.0546779960734
-0.0568551183584
-0.0583180485585
-0.0589472412052
-0.0586235975696
-0.0572331150517
-0.0546725383367
-0.0508559681248
-0.0457223860562
-0.0392439011988
-0.031434352018
-0.0223580379999
-0.012137856928
-0.000962473380233
0.0109083542973
0.0231409066195
0.0353278185817
0.0469922724373
0.0575970887271
0.0665626411894
0.0732954319271
0.0772259236526
0.0778534288582
0.0747949492231
0.0678346525684
0.0569693555523
0.0424457459351
0.0247840536807
0.00478407176404
-0.0164908412089
-0.0377532596533
-0.0575564686405
-0.0743818377354
-0.0867449720622
-0.0933170948188
-0.0930752695223
-0.085466065545
-0.07053150543
-0.0489866962952
-0.0222385095947
0.00766253572749
0.0381435066727
0.0663007691655
0.0891563005128
0.103960831101
0.108520616025
0.101518080297
0.0827856694725
0.0534994504631
0.0162454998362
-0.0250686348065
-0.0654971780784
-0.0995378128611
-0.121675979614
-0.127056222196
-0.112399289659
-0.0770894399912
-0.0242034784351
0.0388107561068
0.100267830055
0.145630007216
0.160471263673
0.134843129095
0.0682123877862
-0.0267871163005
-0.124131598144
-0.189708191031
-0.192678251036
-0.120141426456
0.0108083811569
0.151652232005
0.237388961366
0.216090459639
0.0814310597182
-0.111265754735
-0.262157623523
-0.277236598014
-0.128649126974
0.11365191782
0.309277872816
0.328416738345
0.139595550182
-0.157155071099
-0.382903881399
-0.39061882601
-0.160665498985
0.185689873692
0.462692420114
0.52889568102
0.361943550668
1.68241238656
-0.0486244022961
-0.0476144999912
-0.0465369647263
-0.0453872858058
-0.0441607378729
-0.0428523048395
-0.0414566981971
-0.0399683859025
-0.0383815790423
-0.036690259557
-0.034888210159
-0.0329690824565
-0.0309264162879
-0.0287537100868
-0.0264445474857
-0.0239926995549
-0.0213923025217
-0.0186380167456
-0.0157252486234
-0.0126504540748
-0.00941142942633
-0.00600771018112
-0.00244099612084
0.00128430235791
0.0051605290589
0.0091761574006
0.0133150459813
0.0175556989485
0.0218704854004
0.0262248031663
0.0305762737154
0.034874011791
0.039057937183
0.0430583043767
0.0467954267549
0.0501797855596
0.0531125415268
0.0554865808166
0.0571882356961
0.058099778649
0.0581027992615
0.0570825150103
0.0549331038512
0.0515640570229
0.0469073975278
0.0409256878124
0.0336205908651
0.0250414216941
0.0152935092305
0.00454542270081
-0.0069653061223
-0.0189289299096
-0.030963355121
-0.0426177608864
-0.0533806369425
-0.0626930914313
-0.0699716594964
-0.0746422358761
-0.0761831215631
-0.07417402054
-0.0683472276344
-0.0586365789755
-0.0452191285696
-0.0285443760068
-0.0093457691714
0.0113695840948
0.0323567601045
0.0521943897731
0.0693719491068
0.0823974799724
0.0899196090933
0.0908575180351
0.0845536245565
0.0709292515682
0.0505853598352
0.0248379755616
-0.00432084615835
-0.0343392106632
-0.0623015411451
-0.0851915561687
-0.100209832844
-0.105115069334
-0.0985583641575
-0.0803687766106
-0.0517470260761
-0.0153267343614
0.0249330745564
0.0640506875573
0.0965247633251
0.117013546267
0.121029506295
0.105751359223
0.070967579958
0.0199863641043
-0.0398309296753
-0.0972614187245
-0.138599346083
-0.150449543855
-0.123877876554
-0.0590209912352
0.0313705513436
0.121828290075
0.17949913001
0.175455804843
0.0993938445724
-0.0286434483931
-0.157747712986
-0.223203405609
-0.178795799341
-0.0303851891258
0.151609489396
0.259422621579
0.211095872578
0.015601998265
-0.210472981388
-0.305765829645
-0.180535257339
0.096422906241
0.323487348423
0.310490888968
0.0412688851615
-0.287312079374
-0.407281186381
-0.200732447421
0.189491612679
0.462910937452
0.405696912519
1.43243766149
0.0478266343963
0.046774070938
0.0456517012006
0.0444549579107
0.0431790713546
0.0418189934868
0.0403694208981
0.0388248293024
0.0371794648487
0.0354273789131
0.0335624660606
0.0315785425492
0.0294693754889
0.0272287662002
0.0248506929767
0.0223294301512
0.0196597464589
0.0168370856824
0.0138578136287
0.0107195499698
0.00742148825629
0.00396482683081
0.000353226387674
-0.00340661070217
-0.00730437521127
-0.0113254995722
-0.0154503930356
-0.0196536931677
-0.0239034915396
-0.028160524911
-0.0323774246737
-0.0364980727936
-0.0404570454874
-0.0441793263744
-0.0475802765539
-0.0505660464321
-0.0530344678886
-0.0548765663539
-0.055978809844
-0.0562261896248
-0.0555062516015
-0.0537140749121
-0.0507582336256
-0.046567747353
-0.0410997234386
-0.0343475671263
-0.0263494825937
-0.0171964767955
-0.00703974478822
0.00390372343822
0.0153476671518
0.026936208077
0.0382472822843
0.0488002868169
0.0580684942979
0.0654968195909
0.0705294055741
0.0726483278789
0.0714206457784
0.0665494795783
0.0579247053015
0.0456676099264
0.0301643265542
0.0120820629593
-0.00763659545796
-0.0278049204424
-0.0470511770463
-0.063903521589
-0.0768987530374
-0.0847060787128
-0.0862569937205
-0.0808718522279
-0.0684002411926
-0.0493508934053
-0.0249477371683
0.00289636632439
0.0316927478825
0.0585715777278
0.0805539255221
0.0948750300653
0.0993376677956
0.092651133976
0.0747187902496
0.0468230200485
0.0116696517762
-0.0267497157184
-0.0634890187774
-0.0931873387905
-0.110770554988
-0.112251479899
-0.0954613440626
-0.060822548995
-0.0120467801522
0.0434988198983
0.0951439078058
0.13029949403
0.13713427736
0.108347885182
0.045347648914
-0.038792008436
-0.119553790967
-0.166443700257
-0.153951061386
-0.0755389905411
0.045800794462
0.15867529232
0.202009000726
0.138472272902
-0.0135134479202
-0.173244086134
-0.23463466366
-0.137526568848
0.0713537093645
0.245439955149
0.235839363466
0.0236513660292
-0.229693807627
-0.293892818592
-0.0817905111828
0.2308673336
0.335947665186
0.0985705730925
-0.264974808386
-0.37187575882
-0.078140663505
0.327291333627
0.4081531373
