12 0.98 1.75
22.962537157
-0.899162045423
-0.903158217559
-0.907610089196
-0.912544763786
-0.917981597609
-0.923927857401
-0.930373002354
-0.937281350465
-0.944582832888
-0.952161615921
-0.959842515853
-0.967375311065
-0.974417454172
-0.980516223391
-0.985092087023
-0.987426055818
-0.986654874936
-0.981779108759
-0.971690095568
-0.955221929823
-0.931233939149
-0.898726323261
-0.856986554991
-0.805756589962
-0.745400007209
-0.677036077606
-0.602594136823
-0.524729657345
-0.446548285009
-0.371198856611
-0.301488378568
-0.239565372358
-0.186696471578
-0.143173140431
-0.108384610944
-0.0810859917832
-0.0598706656875
-0.0435880474705
-0.0312972958251
-0.0221795320755
-0.0155271364125
-0.0107465351804
-0.00735708868664
-0.00498269260357
-0.00333763923262
-0.00221007531189
-0.00144560374291
-0.000933209671751
-0.00059387436873
-0.000371971557703
-0.000228824497318
-0.00013785920502
-8.10337026437e-05
-4.62415183342e-05
-2.54478835708e-05
-1.33825809388e-05
-6.63892394226e-06
-3.04850659708e-06
-1.25827260547e-06
-4.44722594017e-07
-1.23204031735e-07
-2.21712399248e-08
-1.53301935061e-09
-1.60768193995e-11
9.81440588241
-0.246188731184
-0.244733068579
-0.242986436291
-0.240883087872
-0.238341186044
-0.235258877331
-0.23150955293
-0.226936200809
-0.221344836018
-0.214497086255
-0.206102150467
-0.195808621912
-0.183196932304
-0.167773716612
-0.148970066666
-0.126146217786
-0.0986060260159
-0.0656245648806
-0.0264930892611
0.0194143567123
0.0725526278111
0.133096227416
0.200814071902
0.274944863234
0.354089491327
0.436153628828
0.51837125977
0.597450545066
0.669864166323
0.732233159613
0.781689476793
0.816174360048
0.834643846332
0.837145943172
0.824743639324
0.799273957729
0.762956827672
0.718041644194
0.666744969905
0.611205371644
0.553399959523
0.495074343043
0.437700027583
0.382460128304
0.330257873717
0.281740812661
0.2373319209
0.197264561616
0.161615715889
0.130336961012
0.103282434432
0.0802323961484
0.0609136447915
0.0450167963603
0.0322094649632
0.0221469858299
0.0144810498106
0.00886548596703
0.00496093107332
0.00243750998164
0.000976709124047
0.000272347384837
3.3794237197e-05
8.20470750314e-07
7.60762703655
0.172379484302
0.170783919585
0.168895320539
0.166653412804
0.163984421775
0.160798064948
0.156984015645
0.152407818615
0.146906335654
0.140282900946
0.132302514282
0.122687679547
0.111115829733
0.0972197013226
0.0805925404404
0.0608005347339
0.0374055246164
0.010001462337
-0.0217327400524
-0.0579619069261
-0.0986041463313
-0.143225656969
-0.190930254404
-0.240256565993
-0.289109719698
-0.33475101792
-0.373884800281
-0.402867488373
-0.418063675325
-0.416284245684
-0.395196608964
-0.353658895987
-0.291935417476
-0.211756833019
-0.116199677174
-0.00937657098955
0.1040396515
0.219273785718
0.331652572534
0.436795697785
0.530827863984
0.610553720677
0.673576074019
0.718354525857
0.744211035829
0.751290868405
0.740488619653
0.713349433684
0.671956198578
0.618803586765
0.556668485389
0.488482177426
0.417202784342
0.345701223575
0.276650575335
0.212433607229
0.155055551841
0.106070720259
0.0665156981402
0.0368368792006
0.0168137974905
0.00544797922222
0.000821928216899
2.61660015461e-05
6.00896065047
-0.159907712938
-0.157917772279
-0.155578851434
-0.152823331267
-0.149569440507
-0.145718365926
-0.141150955952
-0.135724057695
-0.129266657972
-0.121576132157
-0.112415091122
-0.101509653607
-0.0885503976041
-0.0731976658608
-0.0550934051155
-0.0338822204456
-0.00924487513024
0.0190520957161
0.0510889361036
0.086707101734
0.12540650875
0.166234310626
0.207680763666
0.247600049602
0.28319165412
0.311070826397
0.327470816752
0.32860042211
0.311170135042
0.272992491642
0.213508647669
0.134161905739
0.0385567572016
-0.0676476911043
-0.177138135564
-0.281630418941
-0.372776737337
-0.443043718022
-0.486255820301
-0.498051276799
-0.476256078411
-0.421087335173
-0.335157870403
-0.223283881537
-0.0921175032583
0.0503562253297
0.195406055413
0.334180757954
0.458336403748
0.560606086942
0.635286669264
0.678627284884
0.689061396576
0.667330241024
0.616429671041
0.541456864854
0.449283813844
0.348147353307
0.247102094257
0.155295565302
0.0810617677911
0.0305528085297
0.00559248049638
0.000231542576623
4.63756412847
0.146269474999
0.143923190254
0.141179996334
0.1379668729
0.134196523236
0.129764755373
0.124547622957
0.118398437
0.111144923675
0.102586968444
0.092495609158
0.0806143237477
0.066664132436
0.0503544444176
0.0314020338533
0.00956091555985
-0.0153338537446
-0.0433054161332
-0.0741570755349
-0.107379278096
-0.142046482657
-0.176717613474
-0.209361967157
-0.237336491771
-0.257453013437
-0.266170351647
-0.259944382398
-0.235752984121
-0.191776438357
-0.128095972713
-0.0472041550458
0.0457883935679
0.143321792026
0.235977614295
0.313481564201
0.36603374905
0.385811856043
0.368260586658
0.312741264409
0.222792294282
0.105992422347
-0.0266484575636
-0.161736975223
-0.284876773904
-0.382221621567
-0.442018646369
-0.45597523556
-0.420294991652
-0.336245877564
-0.210225685884
-0.0533027549882
0.119784512657
0.291971679776
0.445621054304
0.564341540245
0.634980303338
0.649357746767
0.605933605605
0.511058167923
0.37958252223
0.234803170643
0.106456927282
0.024532053092
0.0013792956019
3.50490640726
-0.131247002029
-0.128617923349
-0.125557398165
-0.12198975028
-0.117825532065
-0.112959329175
-0.107267525414
-0.100606215166
-0.0928096444027
-0.0836897535276
-0.0730376444998
-0.0606282003282
-0.046229541127
-0.0296193796646
-0.0106106992847
0.0109106832498
0.0349343354056
0.0612577546182
0.0894048109504
0.118535599101
0.147358264738
0.174061405576
0.196293864645
0.21122568993
0.215724336504
0.206681618258
0.181501492506
0.138745695715
0.0788696523052
0.00485701433653
-0.0775156423575
-0.159911669339
-0.232208983573
-0.283795224975
-0.305254909903
-0.29021627799
-0.237047130826
-0.149850158406
-0.0382448361153
0.0836912936651
0.199186006288
0.291110475659
0.344586578819
0.349463512779
0.302251641067
0.2071756335
0.0761225473904
-0.07259337418
-0.216513318271
-0.332117244873
-0.398354823347
-0.400042974367
-0.330881292963
-0.19531970749
-0.00932874210026
0.200759806648
0.400756898598
0.553470924002
0.62528999239
0.594488947004
0.462282286407
0.264681580785
0.0805879598475
0.00649327716601
2.60302372937
0.115830728575
0.113007289848
0.109732816647
0.105931726539
0.101515717079
0.0963821025747
0.0904123263895
0.083470909947
0.0754053157151
0.0660474121943
0.055217491004
0.0427321852395
0.0284180070624
0.0121325414292
-0.00620445264224
-0.0265680083484
-0.0487718145995
-0.0723998677274
-0.0967297646288
-0.120656674955
-0.142634665655
-0.160657939344
-0.172310958028
-0.17492465516
-0.165861412205
-0.142952819884
-0.105068808046
-0.0527801553844
0.0110015381186
0.0806515513201
0.148032891678
0.203354756638
0.23663774348
0.239611782336
0.207729562551
0.1418864494
0.0494091908534
-0.0562914248017
-0.157801885796
-0.236751180935
-0.277277628827
-0.269373096287
-0.211428419364
-0.111367771389
0.01400710906
0.141514926215
0.245640349518
0.303465770254
0.299604188572
0.230215952651
0.10514969574
-0.0522989540122
-0.208506725766
-0.325082437647
-0.366787822123
-0.310045571557
-0.152034654232
0.0832403536876
0.342310158088
0.546460684545
0.610204060746
0.480347957945
0.207306128191
0.0257821724183
1.91022127112
-0.100166806578
-0.0972628648846
-0.0939062662169
-0.0900244543772
-0.0855336782403
-0.0803379186721
-0.0743281979075
-0.0673825945385
-0.0593675150263
-0.0501409893009
-0.0395590142985
-0.0274863294579
-0.0138132345214
0.00151972047727
0.0184873252323
0.0369344001881
0.056519936713
0.0766542577529
0.096435516102
0.114597875138
0.129492778534
0.139127880261
0.141290931823
0.133791306925
0.114825779507
0.083467534402
0.0402251204626
-0.0124086122034
-0.0695629617443
-0.124028579069
-0.167018945135
-0.189627491127
-0.184766186517
-0.149208401001
-0.0852394704558
-0.00141204745895
0.087989530406
0.165191213006
0.21287985166
0.218459197782
0.177579031761
0.0961041648546
-0.0101485624033
-0.118125455628
-0.202339915592
-0.240852773347
-0.221094649367
-0.144051436004
-0.0256117855239
0.105701823078
0.214576926913
0.267445848482
0.242182047747
0.136715646041
-0.0258824551483
-0.197772740674
-0.315264638725
-0.314724881144
-0.158874161914
0.131035876838
0.449235941711
0.606383347081
0.419983416653
0.0909612347977
1.4075120211
0.0833040164058
0.0805031727105
0.0772751915878
0.0735544286534
0.0692660214001
0.0643253908552
0.0586382831874
0.0521017080273
0.044606352272
0.0360412524825
0.0263017361098
0.0153019309172
0.00299320561601
-0.010610014833
-0.025395821339
-0.0411116190594
-0.0573140517024
-0.0733178844905
-0.0881522287313
-0.100538586824
-0.108913512158
-0.111519375277
-0.106584768858
-0.0926142379097
-0.0687773187556
-0.0353643857699
0.00576560134712
0.050855910394
0.0941819758156
0.12850762328
0.146281373548
0.141397312762
0.11113097505
0.057718252417
-0.0109738566105
-0.082096640607
-0.139917002773
-0.169377975292
-0.160627576497
-0.112597375298
-0.0344472425339
0.0556986279849
0.134721277141
0.180408734855
0.177859927088
0.124609952752
0.0327759198689
-0.0728112610294
-0.160533956444
-0.200912980517
-0.176260499318
-0.0884961751149
0.0379994270931
0.160104678434
0.227653715001
0.2011318529
0.0722271912981
-0.117639852074
-0.274771139759
-0.27572448319
-0.0295274941066
0.397786412683
0.614321075146
0.294124738054
1.08917017913
-0.0609856743394
-0.0586956300273
-0.05606223133
-0.0530344899321
-0.0495548582111
-0.0455591567853
-0.0409770514691
-0.0357333991975
-0.0297509639624
-0.0229551649642
-0.0152816863378
-0.00668796799277
0.00283045593036
0.0132178532231
0.0243298522098
0.0358992700615
0.0474988770341
0.0585073472808
0.0680868458152
0.0751856031901
0.0785842485631
0.0770039091535
0.0692889840216
0.0546689068708
0.0330795025681
0.00549402806406
-0.0258084788274
-0.0571419922763
-0.083578673124
-0.0995815563352
-0.100214355848
-0.0826678805487
-0.0476612941328
-0.000212168123439
0.0506413788992
0.0933450932528
0.11638211437
0.111576915667
0.0774548150258
0.0208530408029
-0.0440113033564
-0.0989595333509
-0.126997821207
-0.117782224614
-0.0716917130904
-0.000971386085468
0.0728794269085
0.125150175876
0.135975048625
0.0979917848795
0.0209068422113
-0.0691860647417
-0.136837346726
-0.149639590563
-0.0929326261503
0.0176421452124
0.133411482019
0.18457141801
0.112225423641
-0.0771713522201
-0.250686011412
-0.156314644576
0.339563027801
0.732227033909
0.890174980035
0.0625321004299
0.0599897877464
0.0570710606249
0.0537214744484
0.049880090685
0.0454796696101
0.0404475623762
0.0347076800477
0.0281841176536
0.0208071831831
0.0125227473467
0.00330599634912
-0.00681947674731
-0.0177564815923
-0.029302740175
-0.0411144643657
-0.0526689555977
-0.0632343215762
-0.0718570884482
-0.0773836375289
-0.0785354473339
-0.074056251048
-0.0629403822646
-0.044734676004
-0.0198826852506
0.0099639212193
0.0417529208545
0.0710773345412
0.0925452790787
0.100670561452
0.0913404923625
0.0634675567448
0.0202414977636
-0.0305958569879
-0.0778202229236
-0.109129583688
-0.114396372409
-0.089191239378
-0.0376622060474
0.027272280683
0.0869117399193
0.122215954453
0.120142541569
0.0788045526791
0.00947316940585
-0.0657787964958
-0.120620458013
-0.133481038974
-0.096244342071
-0.0192564300704
0.0698217500321
0.134346106989
0.142469183335
0.0826992602323
-0.0254993256999
-0.131492097629
-0.170178608027
-0.0972395533145
0.0684959288169
0.21318321974
0.153493870522
-0.196556585162
-0.330456989923
0.586666106587
0.623440390213
-0.0677646140052
-0.0646380962027
-0.0610580398273
-0.056961707826
-0.0522799245024
-0.0469378626046
-0.0408568768454
-0.0339578962065
-0.0261671294519
-0.0174250296526
-0.00769961539714
0.00299465775035
0.0145716364839
0.0268415232399
0.0394730824573
0.0519533187463
0.0635517029829
0.0733010237833
0.0800111114416
0.0823367303162
0.0789198832833
0.0686222237877
0.0508454878133
0.0258996643413
-0.0046406581777
-0.0377199841641
-0.0688332048339
-0.0924285741382
-0.102710768856
-0.0950043255121
-0.0676046302051
-0.0234222650417
0.0294288202074
0.0787010595582
0.110823636512
0.114864245298
0.0864165411354
0.0304153848814
-0.0381384452565
-0.0976757972107
-0.127065232283
-0.113622960641
-0.0590588571951
0.0193120260018
0.0933301240032
0.133782936485
0.122037769304
0.0591151672161
-0.0320245598737
-0.113284597061
-0.14606773246
-0.109410786203
-0.0137130066859
0.0971302342674
0.160797818109
0.128229731409
3.63883007479e-05
-0.1493013303
-0.188940655232
-0.0250711927778
0.227987746067
0.14427936644
-0.363286697901
0.18566258599
