12 0.98 30.0
20.766623882874715
-0.07872273265953508
-0.0884426977880963
-0.09863317753545259
-0.10923737100710722
-0.12019695001941132
-0.1314531864371645
-0.1429480507971521
-0.15462525802076518
-0.16643123471730203
-0.17831598159935436
-0.19023380386258593
-0.20214388200540773
-0.21401065545306616
-0.22580399147184624
-0.2374991121724144
-0.24907625286157564
-0.2605200303436305
-0.271818614695095
-0.28296296153004674
-0.29394616653551847
-0.3047629095064397
-0.3154089678310292
-0.32588079034339745
-0.33617512951006856
-0.34628873447886616
-0.3562181104505954
-0.36595935167130217
-0.3755080564322418
-0.38485933303995146
-0.39400790594479945
-0.4029483312140309
-0.4116753065300535
-0.42018383553422695
-0.42846919132771205
-0.43652687144976965
-0.444352563358363
-0.4519421190438251
-0.4592915373459837
-0.46639695255659075
-0.4732546279604829
-0.4798609530877842
-0.48621244360213517
-0.49230574292282003
-0.49813762485864227
-0.5037049967064289
-0.5090049024269161
-0.5140345256476302
-0.5187911923517641
-0.523272373193285
-0.5274756854347181
-0.53139889454005
-0.535039915475358
-0.5383968137777017
-0.5414678064515847
-0.5442512627446132
-0.5467457048423007
-0.5489498085085611
-0.550862403685223
-0.5524824750525494
-0.5538091625444155
-0.5548417618071743
-0.5555797245902564
-0.55602265905844
-0.556170330018831
-0.55602265905844
-0.5555797245902566
-0.5548417618071741
-0.5538091625444156
-0.5524824750525494
-0.550862403685223
-0.5489498085085613
-0.5467457048423008
-0.5442512627446136
-0.5414678064515848
-0.5383968137777019
-0.5350399154753582
-0.5313988945400501
-0.5274756854347183
-0.5232723731932856
-0.5187911923517647
-0.5140345256476311
-0.509004902426917
-0.5037049967064297
-0.4981376248586434
-0.49230574292282164
-0.48621244360213667
-0.4798609530877859
-0.4732546279604848
-0.46639695255659275
-0.4592915373459859
-0.45194211904382764
-0.44435256335836554
-0.43652687144977215
-0.42846919132771477
-0.42018383553422994
-0.41167530653005646
-0.4029483312140339
-0.3940079059448026
-0.3848593330399545
-0.37550805643224505
-0.3659593516713054
-0.35621811045059865
-0.3462887344788692
-0.33617512951007145
-0.3258807903434004
-0.3154089678310319
-0.3047629095064424
-0.2939461665355211
-0.28296296153004913
-0.27181861469509744
-0.26052003034363264
-0.24907625286157759
-0.2374991121724162
-0.2258039914718479
-0.2140106554530677
-0.20214388200540923
-0.19023380386258776
-0.17831598159935608
-0.16643123471730364
-0.1546252580207668
-0.1429480507971536
-0.1314531864371659
-0.12019695001941216
-0.10923737100710953
-0.09863317753545443
-0.08844269778809713
-0.07872273265953601
19.691011298452143
0.15326823067526774
0.1714415600955531
0.19029711879678776
0.20969016187563236
0.22947231503566845
0.24949409520278332
0.26960737601366097
0.28966774496225395
0.3095366964057588
0.32908360282463717
0.3481874056805469
0.3667379668825558
0.3846370221987253
0.40179867886395587
0.4181494010479962
0.4336274286599764
0.4481815868917206
0.4617696808619927
0.47435700532788044
0.4859150966564807
0.49642065969631016
0.5058546286805624
0.5142013440592097
0.5214478417587924
0.5275832607630458
0.5325983808729186
0.5364853061514453
0.5392373116082414
0.5408488716184492
0.5413158887474052
0.5406361413202375
0.5388099184253253
0.5358403481625107
0.5317333069260837
0.5264973064482351
0.5201433978838725
0.5126850901477091
0.5041382795749572
0.4945211879944217
0.48385430645224947
0.47216034207821395
0.4594641659150044
0.4457927599048973
0.43117516161884756
0.4156424056941917
0.39922746129634584
0.38196516522010143
0.3638921504873428
0.3450467704787747
0.3254690187641862
0.30520044487917314
0.28428406634551906
0.2627642772552731
0.24068675374150847
0.21809835664760435
0.19504703168696474
0.1715817073611708
0.14775219088091074
0.12360906231414216
0.09920356717240823
0.07458750764042023
0.04981313265583366
0.02493302705372476
1.3798511820667043e-15
-0.0249330270537219
-0.0498131326558308
-0.0745875076404174
-0.09920356717240529
-0.1236090623141392
-0.1477521908809078
-0.17158170736116776
-0.1950470316869616
-0.2180983566476012
-0.24068675374150517
-0.26276427725526996
-0.2842840663455158
-0.3052004448791699
-0.3254690187641829
-0.3450467704787713
-0.3638921504873394
-0.3819651652200982
-0.3992274612963428
-0.4156424056941885
-0.43117516161884467
-0.4457927599048945
-0.45946416591500194
-0.4721603420782115
-0.48385430645224725
-0.4945211879944195
-0.5041382795749549
-0.5126850901477076
-0.5201433978838707
-0.5264973064482333
-0.5317333069260819
-0.5358403481625091
-0.5388099184253239
-0.5406361413202363
-0.5413158887474036
-0.5408488716184476
-0.5392373116082403
-0.5364853061514444
-0.5325983808729174
-0.5275832607630445
-0.5214478417587914
-0.5142013440592086
-0.5058546286805616
-0.49642065969630944
-0.4859150966564799
-0.4743570053278797
-0.46176968086199216
-0.4481815868917202
-0.43362742865997617
-0.41814940104799597
-0.4017986788639558
-0.38463702219872536
-0.36673796688255594
-0.34818740568054696
-0.32908360282463706
-0.309536696405759
-0.28966774496225367
-0.26960737601366125
-0.24949409520278443
-0.2294723150356689
-0.20969016187563327
-0.19029711879678934
-0.17144156009555353
-0.1532682306752681
18.01205434350622
-0.21976989997176127
-0.24401713064255784
-0.2686974264518949
-0.29353102339083603
-0.318234036448656
-0.34252315061847316
-0.3661202245767133
-0.38875671112885724
-0.4101777947547365
-0.43014614440507765
-0.4484451790653487
-0.4648817444456925
-0.47928810137465105
-0.49152312993594355
-0.5014726579300997
-0.5090488276810655
-0.5141884367367804
-0.516850562368516
-0.5170143058702743
-0.5146768565653578
-0.509851769663486
-0.502567394931359
-0.49286542977474307
-0.4807995938292978
-0.46643443721697836
-0.4498443040755139
-0.43111247858220525
-0.4103305436259204
-0.38759798332115686
-0.36302206026867684
-0.33671799726921686
-0.3088094145983622
-0.2794282481581072
-0.2487139784096523
-0.21681279980816687
-0.18387679595151518
-0.1500631192867835
-0.11553317403999425
-0.08045180111209736
-0.044986463975549215
-0.00930643506291833
0.026418017288399584
0.06201644063427906
0.09731900761186908
0.13215732054348997
0.16636520893091084
0.19977951686213638
0.23224087701688576
0.2635944677399094
0.29369074954162905
0.3223861773654269
0.3495438850138403
0.37503433823841126
0.3987359531583765
0.42053567687128235
0.4403295273442952
0.45802308991953206
0.47353196802210773
0.4867821859189756
0.49771054163466316
0.5062649083833931
0.5124044831248983
0.5160999810955423
0.5173337754119248
0.5160999810955426
0.5124044831248985
0.5062649083833936
0.49771054163466333
0.4867821859189757
0.47353196802210795
0.4580230899195325
0.44032952734429553
0.4205356768712827
0.39873595315837673
0.3750343382384116
0.3495438850138404
0.32238617736542696
0.29369074954162927
0.26359446773990947
0.23224087701688584
0.19977951686213652
0.16636520893091092
0.13215732054349
0.09731900761186928
0.06201644063427926
0.026418017288399757
-0.00930643506291801
-0.04498646397554876
-0.08045180111209685
-0.11553317403999347
-0.1500631192867829
-0.18387679595151452
-0.21681279980816612
-0.24871397840965143
-0.2794282481581064
-0.30880941459836136
-0.3367179972692159
-0.3630220602686759
-0.38759798332115586
-0.4103305436259193
-0.43111247858220414
-0.449844304075513
-0.46643443721697736
-0.48079959382929666
-0.49286542977474185
-0.5025673949313577
-0.5098517696634846
-0.5146768565653566
-0.517014305870273
-0.5168505623685148
-0.5141884367367792
-0.509048827681064
-0.5014726579300981
-0.49152312993594216
-0.47928810137464956
-0.4648817444456912
-0.44844517906534787
-0.4301461444050772
-0.41017779475473565
-0.3887567111288559
-0.36612022457671284
-0.3425231506184723
-0.3182340364486559
-0.2935310233908363
-0.26869742645189576
-0.244017130642557
-0.2197698999717611
15.88296624206379
0.274955358923695
0.302072929464983
0.3288143333170708
0.354727623052179
0.3793640603942895
0.4022864041876249
0.42307699348228933
0.44134545474437675
0.45673585834511254
0.46893314882596326
0.47766867591052414
0.4827246587051329
0.48393742379617016
0.4811992687483647
0.47445881551452673
0.4637197331155355
0.4490377470826175
0.43051639195861346
0.40830271130358414
0.3825831992119704
0.3535798435589145
0.3215461960977909
0.286763449819282
0.2495365397798688
0.21019030669658476
0.16906577708006804
0.12651662211248663
0.0829058615614824
0.038602879922712066
-0.0060191794504229484
-0.050585579594205794
-0.09472176521241907
-0.13805582919818574
-0.18022188262185038
-0.22086340238786759
-0.25963644127866076
-0.2962126813068294
-0.33028231280818215
-0.36155672298574393
-0.3897709787147899
-0.414686089404076
-0.4360910366457016
-0.453804558342856
-0.4676766760451759
-0.477589955402406
-0.4834604910138127
-0.48523860853274686
-0.4829092786917695
-0.4764922399283641
-0.46604182847600467
-0.4516465170915579
-0.4334281659714452
-0.41154099182440074
-0.38617026348019584
-0.3575307347857779
-0.3258648278393728
-0.29144058180756977
-0.25454938463115495
-0.21550350682633523
-0.17463345830671578
-0.13228519067034344
-0.08881716870324878
-0.04459733594063666
-4.621266726195193e-17
0.04459733594063664
0.0888171687032488
0.13228519067034347
0.17463345830671576
0.21550350682633518
0.2545493846311551
0.2914405818075699
0.3258648278393729
0.357530734785778
0.3861702634801959
0.41154099182440107
0.4334281659714452
0.4516465170915582
0.46604182847600484
0.47649223992836415
0.4829092786917696
0.4852386085327472
0.48346049101381283
0.4775899554024059
0.46767667604517593
0.45380455834285605
0.4360910366457017
0.41468608940407603
0.38977097871479
0.3615567229857441
0.3302823128081824
0.2962126813068296
0.2596364412786607
0.22086340238786772
0.1802218826218505
0.138055829198186
0.09472176521241929
0.05058557959420612
0.006019179450423212
-0.03860287992271175
-0.082905861561482
-0.1265166221124863
-0.16906577708006762
-0.21019030669658426
-0.24953653977986842
-0.28676344981928154
-0.32154619609779017
-0.35357984355891386
-0.38258319921196976
-0.4083027113035835
-0.4305163919586127
-0.4490377470826166
-0.46371973311553444
-0.4744588155145257
-0.4811992687483637
-0.4839374237961691
-0.4827246587051317
-0.47766867591052303
-0.46893314882596204
-0.4567358583451119
-0.441345454744376
-0.4230769934822889
-0.4022864041876236
-0.3793640603942893
-0.35472762305217803
-0.32881433331707116
-0.30207292946498226
-0.27495535892369466
13.48682894666971
-0.3163784625242888
-0.3427274243779935
-0.3673614719745824
-0.3896576647016623
-0.40902049918718264
-0.42489541143851756
-0.43678161868138654
-0.4442439960935403
-0.44692368598979965
-0.4445471459813547
-0.43693335797321114
-0.4239989411969737
-0.40576093927611373
-0.3823370829302737
-0.3539433655712006
-0.32088880785631946
-0.2835673579082734
-0.24244762241618725
-0.19806214456103224
-0.15099669992741385
-0.10187949626949734
-0.05137025991700793
-0.0001492729240780284
0.05109352265089329
0.10166920429728983
0.1509001646864191
0.19812984723769037
0.24273174494586153
0.2841174914182367
0.3217438835060911
0.35511868909404465
0.38380525831789797
0.407427362921888
0.42567449995249906
0.4383063577755669
0.4451562677531117
0.4461336087164258
0.4412251453516301
0.43049529527410846
0.41408533283118376
0.3922115504739505
0.36516241082551876
0.3332947342967548
0.2970289782169352
0.25684367390821083
0.2132690978843953
0.1668802623282664
0.11828931811028846
0.06813747074474655
0.017086515706137156
-0.034189895679594046
-0.08501514510369945
-0.13471857420690894
-0.18264433232133576
-0.22816002871365423
-0.2706650754779309
-0.3095986111797693
-0.34444690076655227
-0.37475011407263
-0.40010839338208765
-0.42018712986188234
-0.4347213791193173
-0.44351935752331934
-0.44646497309287714
-0.4435193575233193
-0.434721379119317
-0.4201871298618815
-0.400108393382087
-0.3747501140726291
-0.3444469007665512
-0.30959861117976795
-0.2706650754779295
-0.22816002871365254
-0.18264433232133404
-0.13471857420690717
-0.08501514510369766
-0.0341898956795922
0.01708651570613893
0.06813747074474835
0.11828931811029018
0.16688026232826805
0.21326909788439685
0.25684367390821217
0.2970289782169367
0.333294734296756
0.36516241082551987
0.39221155047395134
0.41408533283118454
0.4304952952741091
0.44122514535163043
0.446133608716426
0.44515626775311146
0.4383063577755668
0.4256744999524987
0.4074273629218876
0.3838052583178975
0.35511868909404404
0.3217438835060904
0.28411749141823595
0.24273174494586103
0.1981298472376897
0.1509001646864185
0.10166920429728915
0.05109352265089265
-0.00014927292407856282
-0.05137025991700833
-0.1018794962694977
-0.15099669992741427
-0.19806214456103235
-0.24244762241618742
-0.2835673579082734
-0.3208888078563192
-0.35394336557120015
-0.38233708293027296
-0.40576093927611306
-0.42399894119697307
-0.4369333579732106
-0.4445471459813537
-0.44692368598979804
-0.4442439960935392
-0.4367816186813859
-0.424895411438517
-0.4090204991871813
-0.3896576647016608
-0.3673614719745817
-0.34272742437799225
-0.3163784625242878
11.012234737675884
0.3425802107878096
0.3645278260512894
0.3830545928195902
0.39742769532874833
0.406991254776395
0.41118550247572516
0.40956402324651414
0.40180856765745493
0.3877409626059024
0.3673316935015777
0.34070478699751544
0.3081386894426419
0.27006291137508304
0.22705029053323536
0.17980481291922568
0.12914502113427803
0.07598316840739218
0.021301300350412344
-0.033873191826271846
-0.08849167908817879
-0.14150797776276755
-0.19190139248025317
-0.2386988016005205
-0.28099541233272646
-0.3179737901528296
-0.3489207691897813
-0.3732418714302178
-0.3904728988343979
-0.4002884105537467
-0.4025068546588101
-0.3970921876704977
-0.38415207932106554
-0.363934706600171
-0.3368245690471034
-0.3033357437044175
-0.2641025519038963
-0.21986783475666238
-0.17146907953563179
-0.11982267902566587
-0.06590663977723266
-0.010742082562058157
0.044626101147975335
0.09914905938800177
0.15179387297481425
0.2015631490134905
0.24751393955518614
0.2887756248155627
0.32456642127161756
0.35420820189723057
0.37713934832749774
0.3929253923246189
0.40126724591099244
0.4020068651948298
0.3951302414161925
0.3807676632024596
0.3591912455160465
0.3308097723548384
0.2961609509731809
0.2559012242863464
0.21079333429057986
0.16169187190478213
0.1095270868079023
0.05528726386974467
-4.715781552154963e-16
-0.0552872638697457
-0.10952708680790348
-0.16169187190478324
-0.21079333429058092
-0.2559012242863473
-0.29616095097318207
-0.33080977235483927
-0.3591912455160474
-0.38076766320246036
-0.3951302414161934
-0.4020068651948308
-0.40126724591099316
-0.39292539232461954
-0.3771393483274984
-0.3542082018972311
-0.32456642127161806
-0.2887756248155631
-0.24751393955518622
-0.20156314901349034
-0.15179387297481411
-0.09914905938800139
-0.04462610114797484
0.010742082562058884
0.06590663977723356
0.11982267902566698
0.17146907953563287
0.21986783475666372
0.2641025519038976
0.3033357437044187
0.33682456904710467
0.3639347066001724
0.3841520793210667
0.3970921876704987
0.40250685465881103
0.4002884105537473
0.3904728988343987
0.3732418714302183
0.3489207691897819
0.31797379015282995
0.28099541233272646
0.23869880160052068
0.19190139248025326
0.1415079777627675
0.08849167908817848
0.03387319182627145
-0.021301300350412826
-0.07598316840739273
-0.12914502113427878
-0.1798048129192265
-0.22705029053323658
-0.27006291137508365
-0.3081386894426432
-0.34070478699751716
-0.36733169350158
-0.38774096260590457
-0.40180856765745604
-0.409564023246516
-0.4111855024757275
-0.4069912547763966
-0.39742769532874983
-0.38305459281959076
-0.3645278260512897
-0.34258021078781165
8.630298128868422
-0.35316570187684215
-0.3675267129600511
-0.3766637831554651
-0.3798615110042555
-0.3765589717623573
-0.3663718105631632
-0.34910975204685973
-0.32478885164730337
-0.2936379265404056
-0.25609873770382724
-0.21281964488347763
-0.16464261917839867
-0.11258366863472916
-0.057806905531706296
-0.0015926546051207408
0.05469983608990741
0.10967431922318809
0.16194198407987687
0.21016452168456348
0.2530942342889918
0.2896106992724555
0.3187533854271161
0.33974956084572866
0.35203684714972344
0.35527984406376617
0.34938035721187194
0.3344808997779858
0.31096129652923254
0.2794283889096405
0.24069901542023925
0.19577661576212826
0.14582223179966852
0.09212324169470895
0.03606107536189058
-0.020923487552526734
-0.0773667485960361
-0.13181928192016343
-0.18288289865225557
-0.22924640422081183
-0.26971920232139707
-0.30326185795397465
-0.3290128139722579
-0.34631055848276654
-0.35471066131412093
-0.3539972333090616
-0.34418850870139195
-0.3255364044317634
-0.2985200669266777
-0.26383357262148804
-0.22236809946262842
-0.17518902903900913
-0.12350856932336535
-0.06865460298650894
-0.012036562990320132
0.04489078676475163
0.10066473447492692
0.15385220631968793
0.20308658944466504
0.2471028461074669
0.2847700170939544
0.3151202796356859
0.33737381354967977
0.3509588369325716
0.35552629675119324
0.35095883693257135
0.3373738135496797
0.31512027963568523
0.2847700170939539
0.24710284610746622
0.20308658944466443
0.15385220631968735
0.10066473447492619
0.04489078676475096
-0.01203656299032072
-0.06865460298650941
-0.12350856932336561
-0.17518902903900932
-0.2223680994626283
-0.26383357262148777
-0.2985200669266775
-0.325536404431763
-0.34418850870139145
-0.35399723330906074
-0.35471066131412005
-0.3463105584827655
-0.32901281397225696
-0.3032618579539736
-0.26971920232139585
-0.2292464042208107
-0.18288289865225466
-0.13181928192016262
-0.07736674859603519
-0.020923487552526085
0.03606107536189111
0.0921232416947093
0.1458222317996686
0.19577661576212807
0.24069901542023883
0.2794283889096399
0.3109612965292319
0.33448089977798506
0.3493803572118711
0.35527984406376506
0.3520368471497222
0.33974956084572744
0.31875338542711507
0.28961069927245414
0.25309423428899047
0.2101645216845624
0.16194198407987576
0.10967431922318728
0.0546998360899067
-0.0015926546051213135
-0.05780690553170686
-0.11258366863472963
-0.16464261917839917
-0.21281964488347727
-0.25609873770382696
-0.2936379265404052
-0.3247888516473028
-0.3491097520468593
-0.36637181056316237
-0.37655897176235564
-0.3798615110042543
-0.3766637831554639
-0.36752671296005013
-0.3531657018768407
6.476691041948784
0.348792160726731
0.3532168665967793
0.35084803358413935
0.34116696416687053
0.3239078223689719
0.2990747282857096
0.2669499539955215
0.22809265266275938
0.18332783604390454
0.13372561832824637
0.08057105564606125
0.025325219485304293
-0.030421562674568785
-0.08500309609332775
-0.13673589878471348
-0.18398134499290922
-0.22520953961481957
-0.25906139719688626
-0.2844032595829892
-0.3003716837074256
-0.30640769722693145
-0.30227987621457747
-0.2880957368697502
-0.2643011710237668
-0.23166795629025966
-0.19126970809191685
-0.14444698974162584
-0.0927626388627913
-0.03794868681197193
0.018153472245842895
0.07365777680545138
0.12670066494572116
0.1755050587888944
0.21843851289178423
0.2540665850113442
0.2811999088567236
0.29893334228632074
0.30667583077498184
0.3041699396431968
0.29150035863675017
0.2690910568559767
0.23769115181677714
0.19834994026231478
0.15238190700374193
0.10132286887108521
0.046878712122387006
-0.009131566871530187
-0.06483661465105454
-0.11837523583424178
-0.1679585790387798
-0.21192991283051885
-0.24881999155324552
-0.2773961585739189
-0.2967035442188191
-0.30609698039201816
-0.3052625646466062
-0.29422815287882487
-0.27336243021125006
-0.2433625916076743
-0.20523104453074284
-0.16024191278454555
-0.10989846133928341
-0.05588286507957165
3.508903282468373e-16
0.05588286507957249
0.10989846133928435
0.16024191278454616
0.20523104453074348
0.2433625916076747
0.2733624302112504
0.2942281528788251
0.30526256464660617
0.30609698039201794
0.2967035442188189
0.2773961585739185
0.24881999155324486
0.2119299128305182
0.16795857903877898
0.11837523583424103
0.06483661465105359
0.009131566871529216
-0.046878712122388116
-0.10132286887108635
-0.15238190700374302
-0.19834994026231575
-0.23769115181677797
-0.2690910568559776
-0.291500358636751
-0.30416993964319744
-0.3066758307749824
-0.2989333422863212
-0.2811999088567236
-0.2540665850113442
-0.21843851289178398
-0.1755050587888938
-0.12670066494572055
-0.07365777680545056
-0.018153472245841802
0.03794868681197305
0.09276263886279239
0.1444469897416272
0.19126970809191812
0.23166795629026093
0.264301171023768
0.28809573686975143
0.30227987621457847
0.3064076972269321
0.30037168370742634
0.28440325958298973
0.25906139719688676
0.22520953961481993
0.18398134499290936
0.13673589878471365
0.08500309609332733
0.03042156267456882
-0.0253252194853047
-0.08057105564606255
-0.13372561832824692
-0.18332783604390476
-0.22809265266276038
-0.2669499539955222
-0.2990747282857093
-0.32390782236897253
-0.34116696416687187
-0.35084803358413985
-0.35321686659677975
-0.34879216072673175
4.641093683197327
-0.33107132562276836
-0.32433428777593765
-0.309795818575798
-0.28733067417210534
-0.25716688905149027
-0.21988408266195553
-0.17639748231956284
-0.1279279343963762
-0.07595871652852507
-0.022180485951208705
0.03157381976794981
0.08340189490459435
0.13141021962290608
0.17379464685983345
0.20892048588113618
0.23539913818520816
0.2521583655486848
0.25850136643970395
0.25414744333999456
0.23925196701920726
0.21440597910052117
0.18061618753286005
0.13926658683762122
0.092063483570426
0.040966261860606513
-0.011893265552712463
-0.06429964729245678
-0.1140471348833795
-0.15903380419958066
-0.19735265052685047
-0.22737597016772043
-0.24782916428721102
-0.25784634448740323
-0.25700482879935066
-0.24534116049368015
-0.22334831382340667
-0.19195411259722173
-0.15248168217282645
-0.10659351836602696
-0.05622145518198356
-0.0034854171433505742
0.049395674779526236
0.10019713305741984
0.14678197383791727
0.18719071220107147
0.2197237135873359
0.24301263949434032
0.25607798011067057
0.25837024944408543
0.24979310477069316
0.230707412544624
0.20191608492851
0.16463032086344456
0.12041866887040975
0.07114105249433547
0.018870532924472595
-0.03419389988823304
-0.08581983815543619
-0.13383537622294803
-0.176220487102786
-0.2111920101268526
-0.23727867332321012
-0.253382993734002
-0.25882745129589
-0.2533829937340019
-0.23727867332321045
-0.21119201012685276
-0.1762204871027863
-0.1338353762229483
-0.08581983815543637
-0.034193899888233334
0.01887053292447246
0.07114105249433528
0.12041866887040967
0.1646303208634446
0.2019160849285099
0.23070741254462407
0.24979310477069322
0.25837024944408576
0.25607798011067084
0.24301263949434065
0.2197237135873362
0.18719071220107175
0.14678197383791794
0.10019713305742034
0.049395674779526784
-0.003485417143350232
-0.05622145518198328
-0.10659351836602685
-0.1524816821728261
-0.19195411259722145
-0.22334831382340659
-0.24534116049368015
-0.2570048287993508
-0.25784634448740346
-0.24782916428721127
-0.2273759701677204
-0.19735265052685044
-0.15903380419958052
-0.11404713488337972
-0.06429964729245669
-0.011893265552712395
0.04096626186060671
0.0920634835704262
0.13926658683762158
0.18061618753286035
0.21440597910052173
0.23925196701920814
0.2541474433399952
0.2585013664397048
0.25215836554868576
0.235399138185209
0.20892048588113687
0.17379464685983415
0.1314102196229065
0.0834018949045943
0.03157381976795052
-0.02218048595120927
-0.07595871652852479
-0.12792793439637595
-0.1763974823195626
-0.21988408266195592
-0.2571668890514907
-0.28733067417210645
-0.3097958185757987
-0.3243342877759387
-0.33107132562276953
3.164824695548204
0.30239736194564243
0.28455264285004944
0.25871674054038046
0.22532312247764097
0.1852333425750774
0.13969850125096558
0.09030193216744449
0.038885494941138556
-0.012537372329492178
-0.061878049108194735
-0.10707431874018872
-0.14619261740579081
-0.17752636292554613
-0.19968594624956013
-0.21167635066168625
-0.212958947692445
-0.2034946590156671
-0.18376371806901604
-0.15475471356675852
-0.1179229166702837
-0.07512182546199597
-0.02851256214755606
0.019543621896115682
0.06660394244467033
0.11026762923215187
0.14829814642413153
0.17873795091181327
0.20001007116600072
0.21100147698385324
0.21112414141516042
0.20035083015623115
0.1792233368677715
0.14882669155577527
0.11073008409689018
0.0669031909778484
0.019612654002047557
-0.028696106631599595
-0.07552579475426098
-0.11845644151040115
-0.15527035844672138
-0.18406648915956908
-0.20335833506931245
-0.2121504586534391
-0.20998965453429774
-0.19698817002690586
-0.17381778620409624
-0.14167506488915596
-0.10221954914999491
-0.05748809790318512
-0.009789766389878414
0.03841335088955596
0.0846331722043401
0.12648402370737305
0.1618057545087403
0.188775219227305
0.20600037423540243
0.21259212977161035
0.2082102471751286
0.19308090956438442
0.16798505626832883
0.13421808074898386
0.09352297063237154
0.04800034027911847
4.894911285845402e-16
-0.048000340279117544
-0.09352297063237068
-0.13421808074898287
-0.16798505626832824
-0.1930809095643839
-0.20821024717512854
-0.2125921297716104
-0.2060003742354024
-0.1887752192273054
-0.16180575450874077
-0.12648402370737383
-0.0846331722043406
-0.03841335088955674
0.009789766389877703
0.05748809790318451
0.10221954914999433
0.14167506488915563
0.17381778620409588
0.19698817002690594
0.20998965453429794
0.2121504586534392
0.2033583350693125
0.1840664891595693
0.15527035844672177
0.11845644151040174
0.0755257947542616
0.02869610663160031
-0.019612654002046846
-0.0669031909778478
-0.11073008409688956
-0.14882669155577471
-0.1792233368677709
-0.20035083015623084
-0.21112414141516006
-0.2110014769838529
-0.2000100711660006
-0.17873795091181324
-0.14829814642413147
-0.11026762923215179
-0.06660394244467051
-0.019543621896115825
0.028512562147555723
0.07512182546199575
0.11792291667028348
0.15475471356675816
0.1837637180690159
0.2034946590156669
0.21295894769244475
0.21167635066168597
0.19968594624956015
0.1775263629255463
0.14619261740579056
0.10707431874018879
0.061878049108195374
0.012537372329491694
-0.038885494941137605
-0.09030193216744359
-0.1396985012509659
-0.1852333425750773
-0.22532312247764102
-0.25871674054038
-0.2845526428500493
-0.30239736194564165
2.045806712217055
-0.2657183380406591
-0.23810307865763716
-0.20324487266449928
-0.1622178221288138
-0.11654471833582641
-0.06810346267236606
-0.019014521181276202
0.028484520402730373
0.07217053703217946
0.10996549512486598
0.14005912593717945
0.16101710771261107
0.17186906919844033
0.17217190007685576
0.1620452885923453
0.14217802329762644
0.11380514006613537
0.07865381974566694
0.0388528923461048
-0.0031888634713205864
-0.04492534783343336
-0.08382619007576465
-0.11752987869874579
-0.14398713621615197
-0.161585629134969
-0.1692484495247066
-0.16650053001829038
-0.15349918033597476
-0.13102715592436737
-0.10044896644648142
-0.06363337416463766
-0.02284627349507162
0.019387629211615607
0.06044627729523232
0.0977769265558131
0.12905714144216018
0.1523404334573995
0.16617777749360454
0.16970770687117584
0.1627096015464379
0.14561702919287509
0.11949043822995138
0.08595098600325744
0.04707966203483154
0.005287989849315355
-0.03683166905994995
-0.07666693622796479
-0.1117474082210485
-0.13989779615120185
-0.15937273730755094
-0.16896493708841165
-0.16807994939292512
-0.1567729683370611
-0.13574535590241646
-0.10630112328129608
-0.07026606380940582
-0.029874548839309963
0.012368998609337623
0.05384536820689878
0.09198294246009
0.12441712823947315
0.14913695654219072
0.16460976122400844
0.16987620527283318
0.16460976122400853
0.14913695654219103
0.12441712823947342
0.09198294246009021
0.05384536820689917
0.012368998609338008
-0.029874548839309567
-0.07026606380940567
-0.10630112328129583
-0.1357453559024165
-0.15677296833706092
-0.16807994939292514
-0.1689649370884116
-0.15937273730755105
-0.1398977961512022
-0.11174740822104884
-0.0766669362279649
-0.03683166905995022
0.005287989849314964
0.04707966203483095
0.08595098600325723
0.11949043822995105
0.14561702919287497
0.16270960154643796
0.16970770687117598
0.16617777749360463
0.15234043345739934
0.12905714144216074
0.09777692655581349
0.06044627729523284
0.019387629211616075
-0.022846273495071324
-0.0636333741646377
-0.10044896644648142
-0.1310271559243674
-0.15349918033597473
-0.1665005300182908
-0.16924844952470672
-0.1615856291349693
-0.14398713621615242
-0.11752987869874638
-0.08382619007576517
-0.0449253478334338
-0.0031888634713209173
0.03885289234610437
0.07865381974566642
0.11380514006613525
0.14217802329762635
0.16204528859234518
0.17217190007685648
0.1718690691984411
0.161017107712611
0.14005912593717912
0.10996549512486681
0.0721705370321793
0.028484520402731108
-0.019014521181276254
-0.06810346267236662
-0.11654471833582705
-0.16221782212881453
-0.20324487266449923
-0.23810307865763763
-0.26571833804065736
1.2487882255283604
0.2242745296106405
0.18936039184091327
0.14882255978879422
0.10433536295024776
0.05797060888669653
0.012036053361451776
-0.031096842868573536
-0.06916484040539764
-0.10017365991697987
-0.12253754732167019
-0.13518922602999955
-0.1376538960920091
-0.13008344676396388
-0.11324979149565464
-0.08849902707776179
-0.05767077505098656
-0.02298918191364153
0.013071415740733318
0.04794799861116962
0.07916577176373082
0.10451328107552083
0.1222004074728868
0.1309864312835496
0.1302683477985458
0.12012300974813445
0.10130032533469908
0.07516845141292611
0.043615465912610514
0.008915157486979856
-0.026432869387381583
-0.05987677367621517
-0.08898794135676139
-0.11163687862909918
-0.1261569288513407
-0.13147245783443512
-0.12718149559476954
-0.1135873248664349
-0.091677183378042
-0.06305005208410816
-0.029799158035862677
0.005641937061576115
0.04067819778202824
0.07274370194013915
0.09948993196019551
0.11895796669306398
0.1297219849630403
0.13099361489509131
0.12267953855600885
0.10538818173366352
0.08038503759381212
0.04949992230226259
0.014992968504419
-0.020610826837463177
-0.05470639029393885
-0.08479917698049955
-0.10868765353487322
-0.12462431775189582
-0.13144348610390402
-0.1286465123286079
-0.11643821361982766
-0.0957118480233426
-0.0679837468272269
-0.03528238469876534
6.776006700640986e-17
0.035282384698765136
0.06798374682722658
0.09571184802334229
0.11643821361982763
0.12864651232860788
0.13144348610390413
0.12462431775189588
0.10868765353487309
0.08479917698049975
0.054706390293938964
0.02061082683746319
-0.014992968504418957
-0.04949992230226251
-0.08038503759381209
-0.10538818173366346
-0.12267953855600879
-0.13099361489509145
-0.12972198496304044
-0.11895796669306422
-0.09948993196019583
-0.07274370194013943
-0.04067819778202836
-0.00564193706157634
0.02979915803586221
0.06305005208410787
0.09167718337804218
0.11358732486643469
0.12718149559476968
0.13147245783443526
0.12615692885134103
0.11163687862909946
0.0889879413567615
0.059876773676215356
0.02643286938738215
-0.008915157486979831
-0.0436154659126107
-0.0751684514129259
-0.10130032533469929
-0.12012300974813436
-0.13026834779854604
-0.1309864312835499
-0.12220040747288695
-0.10451328107552108
-0.0791657717637312
-0.047947998611169725
-0.013071415740733349
0.022989181913641472
0.05767077505098695
0.08849902707776232
0.11324979149565394
0.1300834467639638
0.1376538960920094
0.13518922602999991
0.12253754732166972
0.10017365991698036
0.0691648404053968
0.031096842868573508
-0.012036053361451238
-0.05797060888669691
-0.10433536295024856
-0.14882255978879474
-0.1893603918409137
-0.2242745296106385
