13 0.98 14.0
9.71422142683
-0.0758881188355
-0.0956929104663
-0.117051068311
-0.13945523126
-0.16242854116
-0.185561161823
-0.208535248863
-0.231133284706
-0.253225159864
-0.274739350646
-0.295637021967
-0.315892937185
-0.335481756015
-0.354370232464
-0.372516699947
-0.389878441592
-0.406417060994
-0.422097438109
-0.436886757995
-0.450754102785
-0.463670373157
-0.475608361139
-0.486542862872
-0.496450778119
-0.505311181837
-0.513105372161
-0.519816904728
-0.525431621465
-0.529937677442
-0.533325565512
-0.535588137061
-0.536720617714
-0.536720617714
-0.535588137061
-0.533325565512
-0.529937677442
-0.525431621465
-0.519816904728
-0.513105372161
-0.505311181837
-0.496450778119
-0.486542862872
-0.475608361139
-0.463670373157
-0.450754102785
-0.436886757995
-0.422097438109
-0.406417060994
-0.389878441592
-0.372516699947
-0.354370232464
-0.335481756015
-0.315892937185
-0.295637021967
-0.274739350646
-0.253225159864
-0.231133284706
-0.208535248863
-0.185561161823
-0.16242854116
-0.13945523126
-0.117051068311
-0.0956929104663
-0.0758881188355
9.27739708692
0.147940513982
0.184911317915
0.223860158961
0.263522128038
0.302694322254
0.340317339242
0.375532501978
0.407704093881
0.436397067648
0.461321334723
0.482281385788
0.499139275993
0.511788155186
0.520137489118
0.524112867079
0.523671597845
0.518813806727
0.5095800436
0.496048758368
0.478334651389
0.456587415989
0.430990507589
0.401759716494
0.369141446368
0.333410683908
0.294868687323
0.2538404347
0.210671871177
0.165726985705
0.119384741425
0.0720358819426
0.0240796380332
-0.0240796380332
-0.0720358819426
-0.119384741425
-0.165726985705
-0.210671871177
-0.2538404347
-0.294868687323
-0.333410683908
-0.369141446368
-0.401759716494
-0.430990507589
-0.456587415989
-0.478334651389
-0.496048758368
-0.5095800436
-0.518813806727
-0.523671597845
-0.524112867079
-0.520137489118
-0.511788155186
-0.499139275993
-0.482281385788
-0.461321334723
-0.436397067648
-0.407704093881
-0.375532501978
-0.340317339242
-0.302694322254
-0.263522128038
-0.223860158961
-0.184911317915
-0.147940513982
8.58937360361
-0.212593244108
-0.261778610056
-0.311377298402
-0.359015097651
-0.402463690265
-0.439790636094
-0.469468565906
-0.490425712575
-0.50202241944
-0.503971154863
-0.496260884847
-0.479098511235
-0.452863223742
-0.418075901068
-0.375388374285
-0.32559457366
-0.269632038338
-0.208560197038
-0.143536786513
-0.0757943554769
-0.00661647934617
0.0626864798985
0.130801988404
0.196440039001
0.258357509106
0.315381696784
0.366432552502
0.410543156846
0.446878044327
0.474749027757
0.493628229721
0.503158078267
0.503158078267
0.493628229721
0.474749027757
0.446878044327
0.410543156846
0.366432552502
0.315381696784
0.258357509106
0.196440039001
0.130801988404
0.0626864798985
-0.00661647934617
-0.0757943554769
-0.143536786513
-0.208560197038
-0.269632038338
-0.32559457366
-0.375388374285
-0.418075901068
-0.452863223742
-0.479098511235
-0.496260884847
-0.503971154863
-0.50202241944
-0.490425712575
-0.469468565906
-0.439790636094
-0.402463690265
-0.359015097651
-0.311377298402
-0.261778610056
-0.212593244108
7.70488833375
0.266803450043
0.321550421171
0.372777611583
0.416794270125
0.450310083763
0.470690621121
0.476142760502
0.465801909054
0.439698127767
0.398626462428
0.344008685401
0.277765793537
0.202197392253
0.11987348489
0.0335481034646
-0.0538998564754
-0.139540458815
-0.220497209692
-0.294048862451
-0.357723090857
-0.4093801325
-0.447284521979
-0.470163067816
-0.477247379825
-0.468299574579
-0.443620259644
-0.404038470485
-0.350883854498
-0.28594201934
-0.211394549062
-0.129745713246
-0.0437383374739
0.0437383374739
0.129745713246
0.211394549062
0.28594201934
0.350883854498
0.404038470486
0.443620259644
0.468299574579
0.477247379825
0.470163067816
0.447284521979
0.4093801325
0.357723090857
0.294048862451
0.220497209692
0.139540458815
0.0538998564754
-0.0335481034646
-0.11987348489
-0.202197392253
-0.277765793537
-0.344008685401
-0.398626462428
-0.439698127767
-0.465801909054
-0.476142760502
-0.470690621121
-0.450310083763
-0.416794270125
-0.372777611583
-0.321550421171
-0.266803450043
6.69087634571
-0.308255732081
-0.361029257274
-0.40419948799
-0.432952347438
-0.443448662146
-0.433207678924
-0.401357926268
-0.348713267007
-0.277643911028
-0.19178171344
-0.0956850944681
0.00550122225146
0.106386070908
0.201652081491
0.286332004257
0.356023509925
0.407089634345
0.436858091706
0.443768449293
0.427456888775
0.38877597066
0.329749728193
0.253467250679
0.163920677087
0.0657961425148
-0.0357714461034
-0.135467061924
-0.22807364318
-0.308745082201
-0.373259825339
-0.41824179649
-0.44133707395
-0.44133707395
-0.41824179649
-0.373259825339
-0.308745082201
-0.22807364318
-0.135467061924
-0.0357714461034
0.0657961425148
0.163920677087
0.253467250679
0.329749728193
0.38877597066
0.427456888775
0.443768449293
0.436858091706
0.407089634345
0.356023509925
0.286332004257
0.201652081491
0.106386070908
0.00550122225146
-0.0956850944681
-0.19178171344
-0.277643911028
-0.348713267007
-0.401357926268
-0.433207678924
-0.443448662146
-0.432952347438
-0.40419948799
-0.361029257274
-0.308255732081
5.61865379707
0.335509046027
0.378816946205
0.405094035286
0.409163852454
0.387817598731
0.340275341202
0.268388962351
0.176534187922
0.0711661661202
-0.0398851738399
-0.148185172824
-0.2454523265
-0.324265166763
-0.378663983
-0.404592690492
-0.400143752378
-0.365663565267
-0.303739680937
-0.219016780078
-0.117852131925
-0.00783914417566
0.102763250239
0.205651382587
0.293100735521
0.358546029182
0.397074069554
0.40579249759
0.384046849025
0.333469659194
0.257857910848
0.162887998688
0.0556895948541
-0.0556895948541
-0.162887998688
-0.257857910848
-0.333469659194
-0.384046849025
-0.40579249759
-0.397074069554
-0.358546029182
-0.293100735521
-0.205651382587
-0.102763250239
0.00783914417566
0.117852131925
0.219016780078
0.303739680937
0.365663565267
0.400143752378
0.404592690492
0.378663983
0.324265166763
0.2454523265
0.148185172824
0.0398851738399
-0.0711661661202
-0.176534187922
-0.268388962351
-0.340275341202
-0.387817598731
-0.409163852454
-0.405094035286
-0.378816946205
-0.335509046027
4.55615188477
-0.348072894582
-0.375380906861
-0.378147111479
-0.35216033425
-0.296538983102
-0.214077477314
-0.111128063491
0.00301781881961
0.117228297844
0.21994244943
0.300570100918
0.35071732715
0.365139487863
0.342324547201
0.284635419899
0.197992026161
0.0912224782646
-0.0248154478298
-0.138324591892
-0.237763003395
-0.313017247898
-0.356432185636
-0.363590844955
-0.33376443781
-0.269986709232
-0.178745256387
-0.0693214312982
0.0471538926127
0.158832606558
0.254354558728
0.32400310248
0.360693476546
0.360693476546
0.32400310248
0.254354558728
0.158832606558
0.0471538926127
-0.0693214312982
-0.178745256387
-0.269986709232
-0.33376443781
-0.363590844955
-0.356432185636
-0.313017247898
-0.237763003395
-0.138324591892
-0.0248154478298
0.0912224782646
0.197992026161
0.284635419899
0.342324547201
0.365139487863
0.35071732715
0.300570100918
0.21994244943
0.117228297844
0.00301781881961
-0.111128063491
-0.214077477314
-0.296538983102
-0.35216033425
-0.378147111479
-0.375380906861
-0.348072894582
3.56130326356
0.346407859772
0.352931073974
0.328794767718
0.272443580169
0.187120706802
0.080728919306
-0.0350291874802
-0.146179517853
-0.238525342803
-0.299873784904
-0.321917236832
-0.301502820611
-0.241160935233
-0.148824028434
-0.03675775298
0.0801602617878
0.186462839551
0.268108449668
0.314317179648
0.318988396945
0.281506557782
0.206824405441
0.104810258279
-0.011055145668
-0.125459971704
-0.223285016754
-0.29160206275
-0.321382573058
-0.308690886946
-0.255204289948
-0.167991303801
-0.0585775266651
0.0585775266651
0.167991303801
0.255204289948
0.308690886946
0.321382573058
0.29160206275
0.223285016754
0.125459971704
0.011055145668
-0.104810258279
-0.206824405441
-0.281506557782
-0.318988396945
-0.314317179648
-0.268108449668
-0.186462839551
-0.0801602617878
0.03675775298
0.148824028434
0.241160935233
0.301502820611
0.321917236832
0.299873784904
0.238525342803
0.146179517853
0.0350291874802
-0.080728919306
-0.187120706802
-0.272443580169
-0.328794767718
-0.352931073974
-0.346407859772
2.67741282908
-0.331852131533
-0.315125038354
-0.264408083919
-0.182474161447
-0.0780043657558
0.035539985585
0.141956824841
0.224995280821
0.271321580219
0.273172447907
0.229966328675
0.148592991373
0.0423901705724
-0.0710198042302
-0.172693065337
-0.245642106875
-0.277725927151
-0.263625068941
-0.205698555478
-0.113583182869
-0.00259221079195
0.108826758226
0.202155418885
0.2618816234
0.278077740305
0.248051300013
0.176793024314
0.0761475018954
-0.0371556484405
-0.144282730893
-0.227426657887
-0.272766932997
-0.272766932997
-0.227426657887
-0.144282730893
-0.0371556484405
0.0761475018954
0.176793024314
0.248051300013
0.278077740305
0.2618816234
0.202155418885
0.108826758226
-0.00259221079195
-0.113583182869
-0.205698555478
-0.263625068941
-0.277725927151
-0.245642106875
-0.172693065337
-0.0710198042302
0.0423901705724
0.148592991373
0.229966328675
0.273172447907
0.271321580219
0.224995280821
0.141956824841
0.035539985585
-0.0780043657558
-0.182474161447
-0.264408083919
-0.315125038354
-0.331852131533
1.93095036299
0.30648204322
0.266637158845
0.193266243831
0.0946531141305
-0.0148264223677
-0.117306839707
-0.194868859854
-0.233215941613
-0.224931925506
-0.171534585269
-0.083540938754
0.0214662827
0.12229391907
0.198406321472
0.234161995018
0.222165927088
0.164852476521
0.0739246074379
-0.0320683430485
-0.131520064202
-0.204166822679
-0.235210434767
-0.218329210402
-0.156964382654
-0.0636191515641
0.0426879551077
0.140297344879
0.20932120707
0.235695757903
0.21404697645
0.148785723697
0.0532090630423
-0.0532090630423
-0.148785723697
-0.21404697645
-0.235695757903
-0.20932120707
-0.140297344879
-0.0426879551077
0.0636191515641
0.156964382654
0.218329210402
0.235210434767
0.204166822679
0.131520064202
0.0320683430485
-0.0739246074379
-0.164852476521
-0.222165927088
-0.234161995018
-0.198406321472
-0.12229391907
-0.0214662827
0.0835409387539
0.171534585269
0.224931925506
0.233215941613
0.194868859854
0.117306839707
0.0148264223677
-0.0946531141305
-0.193266243831
-0.266637158845
-0.30648204322
1.33176781638
-0.272920201994
-0.212641096861
-0.12346156993
-0.0194376897167
0.0805060985689
0.156888481564
0.194234118463
0.184920352675
0.131487111199
0.0466860713475
-0.0492093352558
-0.133145448533
-0.18480031354
-0.191511224985
-0.151448758432
-0.0742753295006
0.0211338737724
0.111404316748
0.174429621514
0.19478725077
0.167502342327
0.0992541985321
0.00673682539635
-0.0874248933072
-0.160206563717
-0.193812599928
-0.180026471967
-0.122219524903
-0.0345268995826
0.0616084501925
0.142678917866
0.18886051772
0.18886051772
0.142678917866
0.0616084501925
-0.0345268995826
-0.122219524903
-0.180026471967
-0.193812599928
-0.160206563717
-0.0874248933072
0.00673682539635
0.0992541985321
0.167502342327
0.19478725077
0.174429621514
0.111404316748
0.0211338737724
-0.0742753295006
-0.151448758432
-0.191511224985
-0.18480031354
-0.133145448533
-0.0492093352558
0.0466860713475
0.131487111199
0.184920352675
0.194234118463
0.156888481564
0.0805060985689
-0.0194376897167
-0.12346156993
-0.212641096861
-0.272920201994
0.875354916477
0.234109179311
0.158263080451
0.0618843705534
-0.0361036461148
-0.114724504381
-0.156725269143
-0.153361472819
-0.107026178194
-0.0311311373494
0.0529362909434
0.121503731267
0.155233140332
0.144582589589
0.0925292237475
0.0138211162178
-0.0690058178553
-0.132039103618
-0.157032160395
-0.136734643962
-0.0769895379284
0.00496789091495
0.0854958556718
0.141370523828
0.156482275479
0.126477118089
0.0600085985708
-0.0237588860045
-0.100675303799
-0.148566549823
-0.153626340668
-0.114396213292
-0.0421861018714
0.0421861018714
0.114396213292
0.153626340668
0.148566549823
0.100675303799
0.0237588860045
-0.0600085985708
-0.126477118089
-0.156482275479
-0.141370523828
-0.0854958556718
-0.00496789091494
0.0769895379284
0.136734643962
0.157032160395
0.132039103618
0.0690058178553
-0.0138211162178
-0.0925292237475
-0.144582589589
-0.155233140332
-0.121503731267
-0.0529362909434
0.0311311373494
0.107026178194
0.153361472819
0.156725269143
0.114724504381
0.0361036461148
-0.0618843705534
-0.158263080451
-0.234109179311
0.546472793454
-0.193071496697
-0.108064499175
-0.0134192425153
0.0690772563621
0.119722676839
0.127316950864
0.0927340348543
0.0287814091528
-0.0433671100087
-0.100254495474
-0.123486867772
-0.105723045524
-0.0530427203235
0.0170992694677
0.0815659801745
0.118942909813
0.116629373238
0.0752819351668
0.00868612622908
-0.0608624455688
-0.110055463563
-0.122402147135
-0.0937603088655
-0.0337207020002
0.0376106511127
0.0963491277387
0.122829594949
0.108188750461
0.0573299911037
-0.0127197813794
-0.0785104840444
-0.118018468807
-0.118018468807
-0.0785104840444
-0.0127197813794
0.0573299911037
0.108188750461
0.122829594949
0.0963491277387
0.0376106511127
-0.0337207020002
-0.0937603088655
-0.122402147135
-0.110055463563
-0.0608624455688
0.00868612622908
0.0752819351668
0.116629373238
0.118942909813
0.0815659801745
0.0170992694677
-0.0530427203235
-0.105723045524
-0.123486867772
-0.100254495474
-0.0433671100087
0.0287814091528
0.0927340348543
0.127316950864
0.119722676839
0.0690772563621
-0.0134192425153
-0.108064499175
-0.193071496697
