10 0.98 2.1
24.6729060311
-0.90257516584
-0.905868354146
-0.909549524157
-0.913646956318
-0.918184730076
-0.923179842644
-0.928638377178
-0.934550549268
-0.94088440283
-0.947577964944
-0.954529748007
-0.961587563618
-0.968535833496
-0.975081878279
-0.980842056795
-0.985329210835
-0.987943502352
-0.987969465563
-0.984582786703
-0.976870718709
-0.963870002752
-0.944625445499
-0.918270316373
-0.884126792746
-0.841820139804
-0.791395043605
-0.733416448554
-0.669031529904
-0.599965005908
-0.52841719302
-0.456843153042
-0.387666452554
-0.323030106089
-0.26460530457
-0.213461693422
-0.170010491215
-0.134031486603
-0.104792038601
-0.081262589775
-0.0624209971529
-0.0474611568892
-0.0357205078049
-0.0266188381723
-0.0196468981479
-0.014365684071
-0.0104059182837
-0.00746471232956
-0.00529935799987
-0.00371918819513
-0.00257668511792
-0.00175901105498
-0.0011805135883
-0.000776574909399
-0.000498783741562
-0.000311138164678
-0.000187123214003
-0.000107381722775
-5.79090266087e-05
-2.86660856454e-05
-1.2529352837e-05
-4.50390579627e-06
-1.14496077098e-06
-1.35095801061e-07
-3.45776403195e-09
10.86701223
0.239240706032
0.238099761125
0.236740935902
0.235117269866
0.233170720431
0.230829505161
0.228004882524
0.224587288235
0.220441789174
0.215402857537
0.209268531079
0.201794174406
0.192686220002
0.18159646431
0.168117906239
0.151783481265
0.132069502194
0.108405953987
0.0801956875142
0.0468454169056
0.00781074763255
-0.0373452436691
-0.0888793864329
-0.146786154829
-0.21071369376
-0.279887351914
-0.3530574582
-0.428486196961
-0.503993531247
-0.577076965659
-0.645112977043
-0.705599795711
-0.75637193057
-0.795769911635
-0.822757058454
-0.836971686341
-0.83870713263
-0.828816886572
-0.808547856956
-0.779315901272
-0.742542420159
-0.699655163527
-0.65207597621
-0.601181767936
-0.548266815286
-0.494513891354
-0.440975839228
-0.388567554377
-0.338065200201
-0.290111085224
-0.245221318889
-0.203795085044
-0.166124381624
-0.132404172818
-0.102740668195
-0.0771610015936
-0.0556205127626
-0.0380090085
-0.0241544624852
-0.013823890989
-0.00671532585896
-0.00243823365574
-0.000462644888497
-2.33561368454e-05
8.22575246537
0.189961769955
0.188469014375
0.186713724336
0.184644636844
0.182199522785
0.179302800643
0.17586271718
0.171768056424
0.166884404262
0.161050053256
0.154071714703
0.145720381985
0.135727881331
0.123784926709
0.109541850366
0.0926134970163
0.0725902224016
0.04905729956
0.0216251071146
-0.0100280757808
-0.0460992986536
-0.0865902452051
-0.131226124324
-0.179369962341
-0.229941854513
-0.281358896293
-0.331510561932
-0.377791761706
-0.417208698088
-0.446574004641
-0.462792878585
-0.463188125175
-0.445788434137
-0.409552117624
-0.354511537128
-0.281823713705
-0.193715237852
-0.0933190859933
0.0155872232823
0.128919424574
0.242570003186
0.352525987306
0.454999314577
0.546576299961
0.624352142069
0.68603360277
0.730007971589
0.755380661435
0.761976024698
0.750316979942
0.721575819144
0.677512131327
0.620391228288
0.552900679649
0.478051928041
0.399087487657
0.31938645168
0.242368515045
0.171397858132
0.109685620702
0.0601353555371
0.0250914303698
0.00570251534285
0.000370448245597
6.11613700938
-0.172380781418
-0.170438893707
-0.168171232868
-0.165518273188
-0.162408741029
-0.15875730694
-0.154461944785
-0.149400965954
-0.14342983131
-0.136377925562
-0.128045591158
-0.118201941525
-0.106584208834
-0.0928997412888
-0.0768321072797
-0.0580530466284
-0.0362424258875
-0.0111186067354
0.0175184146429
0.0497303322177
0.085370459614
0.124001978231
0.16481217013
0.206532667442
0.247379989984
0.285038147739
0.316701742137
0.339204333349
0.349245238031
0.343725202667
0.320177820581
0.277219496598
0.214907723202
0.134963722028
0.0408349165115
-0.0624247242948
-0.168462991947
-0.270111448909
-0.360008355397
-0.431308471794
-0.478287638598
-0.496686269322
-0.483994778035
-0.439667212432
-0.365203704618
-0.264095511228
-0.141633850722
-0.00458486150225
0.139215867864
0.281356380903
0.413359794337
0.527221849969
0.615902436708
0.673812378085
0.697200822744
0.684514544319
0.636689648042
0.557371652304
0.453116867747
0.333623685174
0.211864220841
0.104170738414
0.0291519769568
0.00252049279253
4.40652966045
0.152046809655
0.149740687076
0.147061036547
0.143943265899
0.140310998409
0.136074031393
0.131126108742
0.125342573072
0.118578084995
0.110664703083
0.10141075774
0.0906012104245
0.0780004481596
0.0633588389423
0.0464246901134
0.0269634527928
0.00478626127161
-0.0202101998573
-0.0479910465036
-0.0783184555021
-0.110677505479
-0.144198106902
-0.17758446755
-0.209067473662
-0.236399481839
-0.256914788951
-0.267677172297
-0.265730790633
-0.248459822696
-0.214046309107
-0.161987188645
-0.0935554868832
-0.0120525622204
0.0772012766205
0.167157857681
0.249614731678
0.31603321325
0.358527244784
0.370921629088
0.349749440072
0.294908337262
0.20977423741
0.10101789814
-0.0218732250782
-0.147373436241
-0.262948246525
-0.356253405802
-0.416359855089
-0.434938380536
-0.407230002687
-0.332773687032
-0.215753623856
-0.0650168778837
0.10640282777
0.282024300941
0.443171498728
0.570546122967
0.646124312591
0.655618905856
0.591799536852
0.458737074514
0.278648804519
0.100889665812
0.0123210412251
3.09521506818
-0.130832787122
-0.128280079718
-0.125325717194
-0.121903607364
-0.117936546811
-0.113334593724
-0.107993428352
-0.101792826779
-0.0945955175387
-0.0862468154146
-0.0765755850659
-0.0653973621372
-0.0525207112402
-0.0377582122244
-0.0209437372744
-0.00195774703771
0.0192377295682
0.0425534129469
0.0677166807647
0.0942075352545
0.121192469614
0.147466626753
0.171418454161
0.191036386099
0.203979960663
0.207733729575
0.199861868093
0.178360690563
0.142096736494
0.0912884890627
0.0279637255251
-0.0437625947617
-0.117767580217
-0.186387118662
-0.24124038979
-0.274333148361
-0.27930466928
-0.252644597821
-0.194685622522
-0.110178667883
-0.00813498917037
0.0992219590112
0.19796674144
0.274272940592
0.316339036218
0.316209774586
0.27122194509
0.184874186923
0.0669277724809
-0.0673060362098
-0.198507672533
-0.305575091954
-0.368429437743
-0.370961021349
-0.304258851137
-0.16920211523
0.0213194499122
0.240928588601
0.45004566832
0.598818871471
0.633765496574
0.515752644074
0.259541934849
0.0484490553666
2.1402179133
0.109475285271
0.106828215161
0.103775043885
0.10025198849
0.0961854468214
0.0914908716192
0.0860718056349
0.0798192557865
0.0726117406029
0.064316479139
0.0547923525274
0.043895535987
0.0314889107057
0.0174565471831
0.00172474339311
-0.0157090165514
-0.0347382800612
-0.0551013764623
-0.0763291721325
-0.0976912344389
-0.118149293906
-0.13633245076
-0.150549590261
-0.158859043237
-0.159215745655
-0.149703628251
-0.12885788899
-0.0960508897214
-0.0519044534973
0.00134066989894
0.0595835348072
0.116924616892
0.166190668613
0.199883838334
0.211421825197
0.196469507445
0.154120018105
0.0876756286763
0.00481530652621
-0.0829807942615
-0.161951776954
-0.218465531352
-0.24153667998
-0.225031295857
-0.169230881497
-0.0814208214137
0.0247016775989
0.130803236822
0.216755181918
0.264122174438
0.259886199336
0.199734174264
0.0903887487397
-0.0495119069718
-0.190855050986
-0.297202795589
-0.331025313481
-0.263079566421
-0.0835965337658
0.183892566904
0.46552219555
0.627857731882
0.501131054581
0.161624573503
1.49469831376
-0.0872268385122
-0.0847128186996
-0.0818213848361
-0.0784957225861
-0.0746710388213
-0.0702739388635
-0.0652220962785
-0.0594244222846
-0.0527820946926
-0.0451909345623
-0.0365457674649
-0.0267476349204
-0.0157148662048
-0.00339905248092
0.0101929613843
0.0249702611785
0.0407222395705
0.0570778751222
0.0734641897071
0.0890698696928
0.102824694869
0.11341032015
0.11931706693
0.118962531323
0.110884454171
0.0940030723859
0.0679384728242
0.033339465036
-0.00783332181694
-0.0521455965463
-0.0947269264517
-0.129663197556
-0.150847128316
-0.153153478802
-0.133696403112
-0.0928837238545
-0.0349915563842
0.0319577606483
0.097105889466
0.148385087931
0.174844512381
0.169360196014
0.130679167342
0.0643284892424
-0.0178330415909
-0.0994811307667
-0.162856356769
-0.19250821084
-0.179010834332
-0.121933701183
-0.0312436191085
0.0733106036918
0.165309774526
0.216933697861
0.206035144402
0.12452446933
-0.0143315955965
-0.171579388039
-0.281668036223
-0.263043509428
-0.051542143734
0.329627153426
0.638644034279
0.444779736183
1.09863978319
0.0691762192164
0.0669034422294
0.064295192895
0.0613026951763
0.0578708845125
0.0539381538268
0.0494364620621
0.0442920190809
0.0384269012589
0.0317620669146
0.0242223670056
0.0157443285866
0.00628756863355
-0.00414938341543
-0.0155081244363
-0.0276440045265
-0.0402951104755
-0.0530492371652
-0.0653140718673
-0.076297492657
-0.0850089333344
-0.090295957446
-0.090928700278
-0.0857419165658
-0.0738378286247
-0.054835580866
-0.0291370203262
0.0018409895903
0.0355322056475
0.068247502766
0.0954169475522
0.112163835751
0.114254853883
0.099218722814
0.067329758706
0.0221598279794
-0.0295301294698
-0.0786618412782
-0.115389376283
-0.131058637431
-0.120403752077
-0.0835475761597
-0.0267424388225
0.0384163852242
0.0972047252619
0.135026598044
0.141038288714
0.111355654515
0.0509299814663
-0.0264733811648
-0.100644785717
-0.149381292125
-0.154490422926
-0.108283836342
-0.0185628780441
0.0888489574058
0.172737381432
0.186417107809
0.0979667039827
-0.0802944386878
-0.256128669182
-0.233197426583
0.238112198594
0.719135178587
0.786131038616
-0.0692555964195
-0.0666749225463
-0.0637196822841
-0.0603373395152
-0.05646923652
-0.0520506514892
-0.0470113805787
-0.0412771184983
-0.0347720730515
-0.0274233760616
-0.0191679825589
-0.00996291946666
0.00020023452429
0.011275970158
0.0231401463482
0.0355603157637
0.0481629722003
0.0604020563409
0.0715361236954
0.0806239479406
0.0865521141022
0.0881091456142
0.0841188882981
0.0736364211385
0.0561971998611
0.0320910563587
0.0026050252204
-0.0298287120755
-0.0616591850568
-0.0884658735971
-0.105457048898
-0.108305897716
-0.0943135185726
-0.0635544821805
-0.0195855069614
0.0306059169333
0.0775683317833
0.111184898225
0.122944925244
0.108146855468
0.0677415925465
0.00931373383162
-0.0539390473742
-0.106094929406
-0.132575465899
-0.12435697211
-0.0811989327893
-0.0128392546479
0.0624879971459
0.122248828929
0.145820627514
0.12144299264
0.0518120581068
-0.0433054226568
-0.129650327572
-0.167838228691
-0.128292799538
-0.00986298237607
0.140349046426
0.220334164107
0.104804919839
-0.223086454627
-0.291752835243
0.480278931349
