11 0.98 2.0
24.2021930547
-0.899967860239
-0.903427939082
-0.907292304702
-0.911589079244
-0.916341390625
-0.921564160652
-0.9272598456
-0.933412941879
-0.939983011227
-0.946896025456
-0.95403392241
-0.961222361593
-0.968216926622
-0.97468836841
-0.980207944532
-0.984234570159
-0.986106237769
-0.985039034826
-0.980137767235
-0.970422622798
-0.954876262159
-0.932514451395
-0.902481039891
-0.864164154388
-0.81732484865
-0.762222835128
-0.699716468435
-0.63130711451
-0.559092764485
-0.485594116278
-0.413459028556
-0.34515721568
-0.282732702937
-0.227620238372
-0.180539421535
-0.141483108834
-0.109813820695
-0.0844772881956
-0.064333583702
-0.0484555864108
-0.0360955096301
-0.0266027204297
-0.0194075044441
-0.0140203157948
-0.0100315624852
-0.00710794171563
-0.00498505740316
-0.00345762685108
-0.00236896652906
-0.00160090304482
-0.00106509849658
-0.000695996650887
-0.000445307214816
-0.000277801059682
-0.0001680240529
-9.77634004556e-05
-5.41221791798e-05
-2.80506094689e-05
-1.32761927918e-05
-5.50621233661e-06
-1.85591070909e-06
-4.33094800665e-07
-4.47632811751e-08
-9.21790802294e-10
10.5708632277
0.239815939226
0.238602594061
0.237154879604
0.235421659617
0.233339611583
0.230830289641
0.227796569305
0.224118386979
0.219647739376
0.214202959154
0.207562363103
0.199457532358
0.189566653623
0.177508692053
0.162839568069
0.145051947615
0.123580734209
0.0978164272962
0.0671294730639
0.0309086364803
-0.0113854973623
-0.0601509087553
-0.115559477826
-0.177464411402
-0.245307380999
-0.318041183739
-0.39408506091
-0.471335236872
-0.54725028197
-0.619032125409
-0.683887101382
-0.739291320769
-0.783211770318
-0.814271274644
-0.831843342531
-0.836062961082
-0.827745392813
-0.80821364159
-0.779045730075
-0.741844861256
-0.698208671057
-0.649720282286
-0.597902317916
-0.544170840093
-0.489800700741
-0.435905499911
-0.383430055992
-0.333152531929
-0.285693851388
-0.241529919029
-0.201005821842
-0.164350017112
-0.131687925526
-0.103055034943
-0.0784083512073
-0.057636944115
-0.0405715282163
-0.0269907560614
-0.0166268191546
-0.00916639337309
-0.0042470205024
-0.00144484098667
-0.000246854069087
-1.04143151217e-05
8.07316935235
0.184668028097
0.183156026817
0.181375059519
0.179271856644
0.176781601863
0.173825399578
0.170307284745
0.166110738957
0.161094748872
0.15508951009
0.147891977166
0.139261661799
0.1289173021
0.116535307569
0.101751304591
0.084166508157
0.0633611179058
0.0389172650461
0.0104539301208
-0.0223240969317
-0.0595618196131
-0.101175155405
-0.146762417775
-0.195511990909
-0.246121504018
-0.29674253886
-0.344974593451
-0.387927170517
-0.422374171038
-0.445010262815
-0.452793585904
-0.443285524338
-0.414931150504
-0.36726389827
-0.301010526725
-0.218078759019
-0.121421047689
-0.01477827655
0.0976792341393
0.211699441765
0.323102098433
0.427912665796
0.522526913627
0.603859197384
0.669455804359
0.717571093324
0.747205816331
0.758106550578
0.750738811783
0.72623265999
0.686308800527
0.633191350582
0.569508315025
0.498187386194
0.422347804012
0.345190923355
0.269898873036
0.199526894082
0.136897506029
0.0844824740906
0.0442356044636
0.0173226580448
0.00355310559622
0.000193353761531
6.11031636039
-0.16890702002
-0.166959335759
-0.164681125904
-0.162011034496
-0.158875392378
-0.155185767746
-0.150836162964
-0.145699870999
-0.139626106483
-0.132436619719
-0.123922631405
-0.113842684781
-0.101922296749
-0.0878565680079
-0.0713173776504
-0.0519671705109
-0.029481777893
-0.00358505014419
0.0259028183435
0.0590022423312
0.0954962038896
0.134841016437
0.176075165024
0.217735958391
0.257805807333
0.293707578988
0.322376708518
0.340431402282
0.344460960631
0.331434165604
0.299190702682
0.246891358906
0.175345532275
0.0871810535603
-0.013176709716
-0.119734699622
-0.225369798893
-0.322448833645
-0.40357794151
-0.462312228498
-0.493583703884
-0.494035048666
-0.462291144931
-0.399099954361
-0.307323777411
-0.19177280757
-0.0588952628708
0.0836342436474
0.227419605674
0.363885248036
0.484826467235
0.582948869399
0.65234156084
0.68889735724
0.690641167004
0.657953377274
0.593743001039
0.503491907431
0.395228135198
0.279448207659
0.168828952601
0.0776060506018
0.0195147401746
0.0014037285836
4.4911278942
0.150607698113
0.14829616774
0.145606044914
0.142470773788
0.138811416424
0.134534468397
0.129529471718
0.123666499148
0.116793714422
0.108735332026
0.0992904587729
0.0882335988657
0.0753179206694
0.060282660911
0.0428664883308
0.0228289344029
-1.77615182389e-05
-0.0257640448004
-0.0543447869487
-0.085468079024
-0.118533727753
-0.152549089966
-0.186055804774
-0.217084177056
-0.243159606852
-0.261386767718
-0.26863525494
-0.261845543188
-0.238456868375
-0.196941991095
-0.137371969189
-0.0618417152289
0.0253554724076
0.117848928871
0.207627082533
0.285777159314
0.343474491124
0.373122482672
0.369509335286
0.330716620046
0.258451069921
0.158015164184
0.0379686379476
-0.0905593328752
-0.214872905
-0.321931166967
-0.39966073589
-0.438252161993
-0.431274522636
-0.376518975769
-0.276496437719
-0.13847909229
0.0258351920295
0.201148359664
0.3697458136
0.51298639835
0.613250815043
0.656014336446
0.632280913003
0.541645778034
0.395752694834
0.222922002648
0.0719359202426
0.00722632672978
3.22151061525
-0.131236861784
-0.128665076531
-0.125684290847
-0.122226060675
-0.118210176849
-0.113542895397
-0.10811514543
-0.101800852949
-0.0944556734574
-0.0859165662427
-0.076002822263
-0.0645194700933
-0.0512642863703
-0.0360399120001
-0.0186729226957
0.000958199281451
0.0228843489986
0.0469951561128
0.0729769713616
0.100242488694
0.127858843282
0.154485991084
0.178342081551
0.197219614302
0.208574546368
0.209715224067
0.198102436853
0.171765311965
0.129805940698
0.0729488205942
0.00401437888161
-0.0718949841722
-0.147619226959
-0.21458531045
-0.263827983451
-0.287283726117
-0.27918944232
-0.237371553873
-0.164200801876
-0.066873343547
0.0433246458501
0.152385148619
0.245358481758
0.308407778731
0.330884014759
0.307120007341
0.237682479803
0.129845134675
-0.00283234799801
-0.141820878249
-0.26580117724
-0.353375724291
-0.386256086973
-0.352318006436
-0.248452255972
-0.0828135519385
0.12428515287
0.340414407263
0.523111487074
0.625520322327
0.606058617437
0.448518922557
0.197947624834
0.029823113434
2.27088415562
0.111708647921
0.109006132453
0.105884789881
0.102277720941
0.0981074704316
0.0932847662725
0.0877074214615
0.0812595957658
0.0738117842213
0.0652220511576
0.0553392141887
0.0440089767803
0.0310842489725
0.0164411517838
2.374002629e-06
-0.0182306161219
-0.0381355442969
-0.0594179965759
-0.0815531311315
-0.103726001534
-0.124781552869
-0.14319960678
-0.157112760899
-0.164394004624
-0.162829784955
-0.150396892376
-0.125636137097
-0.0881015552798
-0.0388289936506
0.0192514804141
0.0811056113538
0.13981805848
0.187335146041
0.215640716484
0.218202543528
0.191451328395
0.136000121422
0.0573192253995
-0.0343529840431
-0.125131205153
-0.19979965124
-0.244565072006
-0.249713251964
-0.211776769956
-0.134776763935
-0.0302298908409
0.0842125248222
0.187425884715
0.258398240068
0.280285370629
0.244197058847
0.152178025832
0.0184900616576
-0.130901109126
-0.261450191834
-0.335604523326
-0.320239874245
-0.197138565787
0.0253714348354
0.30224785922
0.542762860624
0.618462537082
0.415946123026
0.104651857694
1.60083339748
-0.0914160630647
-0.0887750408507
-0.0857339156439
-0.0822315055141
-0.0781978211884
-0.0735533363811
-0.0682085752214
-0.0620642523508
-0.0550123728534
-0.0469388481644
-0.037728357333
-0.0272724285113
-0.0154818636028
-0.00230483004998
0.0122480973841
0.0280711145756
0.0449227091111
0.0623797522679
0.079790305207
0.0962328622348
0.110495654271
0.121092835936
0.126334160545
0.124471039306
0.113925818105
0.093605235959
0.0632724800117
0.0239285493001
-0.021869819589
-0.0698468771456
-0.114135329761
-0.147904064816
-0.164486960899
-0.158798365408
-0.128749094216
-0.0763244246976
-0.00800122057497
0.0657113525517
0.131657068953
0.176368457134
0.189207649784
0.165168832017
0.106614231087
0.023549955516
-0.0677676435021
-0.147767900617
-0.197615451992
-0.203589178048
-0.160899452186
-0.076012604179
0.033292203826
0.140492176931
0.215498797401
0.232011560774
0.175626031249
0.051685655533
-0.109077065197
-0.251302660773
-0.303365048198
-0.196654588009
0.0907109868078
0.464227615726
0.624241681263
0.317423082833
1.1765917406
0.0703047249878
0.0679785762825
0.0653063757342
0.0622371151506
0.0587130631365
0.0546694694027
0.0500346587041
0.044730751846
0.0386754049013
0.0317850870729
0.0239805594937
0.0151953966842
0.00538845076807
-0.00543872704351
-0.0172187062869
-0.0297890789963
-0.0428584399065
-0.0559706901753
-0.0684728412973
-0.0794948142617
-0.0879544872217
-0.0926033723278
-0.0921259604814
-0.0853065595834
-0.0712623783244
-0.049726753142
-0.021346257346
0.0120714004215
0.0474279066303
0.0804024603447
0.105813904197
0.118432666211
0.114156266005
0.0912526156367
0.0513359589767
-0.000253973121127
-0.0548966468811
-0.102000497709
-0.131001094946
-0.133838003557
-0.107576653252
-0.0559541368849
0.0107407885916
0.0775073175553
0.127898281192
0.148063822958
0.130661391076
0.0775687613805
0.00059483333357
-0.0804070334508
-0.141866278998
-0.162801773862
-0.131552791641
-0.051678001609
0.0552754729878
0.152081142822
0.194194936591
0.145248879649
0.000789931064054
-0.1834521201
-0.274791233716
-0.0952344818469
0.418347968148
0.679787285833
0.891774098427
-0.0665343003717
-0.0640798371065
-0.0612657093372
-0.0580405618549
-0.0543468314763
-0.0501207359452
-0.0452927715975
-0.0397889969165
-0.0335335427371
-0.026452922501
-0.0184828518684
-0.00957843911859
0.000271399453798
0.0110244127284
0.0225598928684
0.0346483980673
0.0469182637985
0.0588234598865
0.0696197845639
0.078359872196
0.0839213350829
0.085083942109
0.0806673154963
0.0697348026338
0.0518546532424
0.0273838690584
-0.00227535808734
-0.034526455513
-0.065606208188
-0.0908562026203
-0.105305365723
-0.104691181704
-0.0867383935192
-0.0522912730447
-0.00589811857506
0.0444677251787
0.0886583378566
0.116408804859
0.119771571432
0.0955238132773
0.0471199286497
-0.0151468082329
-0.0761209498941
-0.119447617316
-0.132043096412
-0.108226119744
-0.0522643095715
0.0216322022179
0.0922353282024
0.136858203542
0.138276535444
0.0914128367009
0.0074847799816
-0.0863113950029
-0.152625102737
-0.156216273253
-0.0811217816503
0.0528512589984
0.180130182594
0.198025784668
0.0210808395955
-0.285787472525
-0.205790369161
0.604328058057
0.592679444377
0.0672168386603
0.0643606485515
0.0610942342765
0.0573615428292
0.053100636323
0.0482441471762
0.04272048434
0.0364561576778
0.0293797792248
0.0214284446184
0.0125573253868
0.00275341343631
-0.00794576417555
-0.019427830115
-0.0314758045973
-0.0437346065852
-0.055677706157
-0.0665809925534
-0.0755147441631
-0.0813682183901
-0.0829224129122
-0.0789869275863
-0.0686085650173
-0.0513382187956
-0.0275307355965
0.0013921205318
0.0327907196177
0.062867344001
0.0869943013445
0.100325300325
0.098695591617
0.0798922820301
0.0449400359535
-0.00118166710638
-0.0498493643278
-0.0903122577654
-0.112191215717
-0.108354010105
-0.0773012776077
-0.0245154465587
0.0374947587175
0.0917699597471
0.121674548415
0.116302578105
0.074755990668
0.00773166280593
-0.0645687211413
-0.117990637632
-0.132268021658
-0.0987757024916
-0.025668056434
0.0622822123765
0.129904605991
0.144162932402
0.0895560175631
-0.0189033200836
-0.13116244557
-0.173851096576
-0.088497848174
0.103267445391
0.233924766703
0.027506011182
-0.352162905419
0.250558979402
