17 0.98 20.0
13.975971568331966
0.04605762242820527
0.05460416680651402
0.06372666027866096
0.07332016296986293
0.08327963143709365
0.09350442229706717
0.10390233282026635
0.11439292750788903
0.12490989063879039
0.13540214151004912
0.14583345057924568
0.1561803305921247
0.16642871002770154
0.17657090768626674
0.1866032305916999
0.19652401422191199
0.20633204630036975
0.2160253933267258
0.2256006891274697
0.23505296418032334
0.24437610235647209
0.2535639072056772
0.2626107355029775
0.2715113566040835
0.2802607979894072
0.2888542469198164
0.29728699471044334
0.3055544109168823
0.3136519365147867
0.3215750875122339
0.3293194629476486
0.33688075353231167
0.3442547490365587
0.35143734378546815
0.3584245403758885
0.36521245208370073
0.37179730452092885
0.3781754370242682
0.3843433040916508
0.3902974770008395
0.39603464559784557
0.4015516201657465
0.40684533327931827
0.4119128415870243
0.41675132749844285
0.42135810077566105
0.4257306000352231
0.42986639416839306
0.43376318368558464
0.43741880198815725
0.4408312165685048
0.44399853013790536
0.44691898168090194
0.44959094743485883
0.4520129417935123
0.45418361813362773
0.45610176956414816
0.4577663295974128
0.4591763727421478
0.46033111501798
0.46122991439125105
0.46187227113192303
0.46225782809138927
0.46238637090102863
0.4622578280913894
0.4618722711319235
0.4612299143912516
0.46033111501798096
0.45917637274214873
0.45776632959741387
0.45610176956414955
0.45418361813362923
0.45201294179351437
0.44959094743486105
0.44691898168090455
0.4439985301379081
0.440831216568508
0.43741880198816047
0.43376318368558814
0.429866394168397
0.42573060003522734
0.42135810077566566
0.416751327498448
0.41191284158702973
0.40684533327932426
0.40155162016575285
0.3960346455978523
0.39029747700084627
0.38434330409165784
0.3781754370242753
0.371797304520936
0.3652124520837079
0.3584245403758954
0.35143734378547514
0.3442547490365655
0.3368807535323185
0.32931946294765513
0.3215750875122406
0.31365193651479345
0.30555441091688945
0.29728699471045045
0.28885424691982364
0.2802607979894146
0.271511356604091
0.2626107355029847
0.25356390720568445
0.24437610235647916
0.23505296418033012
0.22560068912747616
0.2160253933267321
0.2063320463003759
0.19652401422191776
0.18660323059170528
0.1765709076862719
0.16642871002770654
0.15618033059212924
0.14583345057925107
0.13540214151005403
0.12490989063879449
0.1143929275078922
0.10390233282026952
0.09350442229706969
0.08327963143709517
0.07332016296986368
0.06372666027866339
0.05460416680651706
0.04605762242820666
13.634921955389581
-0.09093272534528468
-0.10746741116147926
-0.12498154178862977
-0.1432348441075486
-0.16198590357823983
-0.1810016183090415
-0.20006571007003535
-0.2189857714030474
-0.23759831196323863
-0.25577126398505573
-0.2734034141938397
-0.29042030749995146
-0.3067676577698508
-0.3224053492627235
-0.3373026835012819
-0.3514345067982585
-0.3647781023909425
-0.3773108892415277
-0.38900905022108284
-0.39984725063165294
-0.4097996222764308
-0.4188419746240738
-0.42695311982107276
-0.4341146225523349
-0.4403105183709768
-0.44552714230500245
-0.44975304011662803
-0.45297893612762336
-0.45519773515377127
-0.4564045409261791
-0.4565966785495848
-0.45577371330324157
-0.4539374618881636
-0.45109199484103485
-0.4472436303777523
-0.4424009206704586
-0.4365746317542192
-0.4297777181046152
-0.42202529259434735
-0.4133345921685317
-0.4037249392863426
-0.3932176990282028
-0.381836231768611
-0.3696058414007915
-0.35655371918554657
-0.3427088833488332
-0.3281021145784986
-0.31276588758180374
-0.2967342988698788
-0.28004299093787327
-0.26272907301271575
-0.24483103854486968
-0.2263886796262092
-0.20744299852262513
-0.18803611651670787
-0.16821118026236273
-0.1480122658592351
-0.127484280860222
-0.1066728644300893
-0.08562428587734813
-0.06438534178511689
-0.04300325196974699
-0.021525554498546564
-2.454111050200516e-15
0.02152555449854162
0.04300325196974215
0.06438534178511213
0.08562428587734343
0.10667286443008481
0.1274842808602175
0.1480122658592306
0.16821118026235812
0.18803611651670324
0.20744299852262024
0.22638867962620424
0.24483103854486457
0.2627290730127102
0.2800429909378676
0.2967342988698727
0.31276588758179763
0.32810211457849237
0.3427088833488271
0.3565537191855405
0.36960584140078545
0.381836231768605
0.39321769902819675
0.4037249392863367
0.41333459216852525
0.4220252925943411
0.4297777181046085
0.43657463175421235
0.4424009206704516
0.447243630377745
0.4510919948410274
0.4539374618881559
0.4557737133032338
0.45659667854957725
0.4564045409261715
0.45519773515376377
0.45297893612761614
0.44975304011662076
0.4455271423049954
0.44031051837096974
0.43411462255232824
0.4269531198210662
0.4188419746240675
0.4097996222764246
0.39984725063164683
0.38900905022107674
0.37731088924152173
0.3647781023909365
0.3514345067982532
0.3373026835012766
0.3224053492627185
0.3067676577698461
0.29042030749994613
0.27340341419383474
0.25577126398505123
0.23759831196323444
0.21898577140304396
0.20006571007003238
0.18100161830903908
0.16198590357823742
0.14323484410754644
0.12498154178862807
0.10746741116147679
0.090932725345283
13.083417586785579
0.13348481263546927
0.15692438584206891
0.18142130916199725
0.20654707595148983
0.23187126500542687
0.25697713315950765
0.28147574478764176
0.3050178032697481
0.32730233101609507
0.3480813486638796
0.3671597272355743
0.38438952078614513
0.39966038250648706
0.41289080459574323
0.4240211886042033
0.4330081903103341
0.4398201677027077
0.4444338038111921
0.4468320985632898
0.447003979609671
0.4449457997377722
0.44066465637949825
0.43418029059413676
0.4255245173794146
0.4147405621693508
0.4018825224033776
0.3870149124761537
0.37021225280381354
0.3515586695473751
0.331147479299188
0.3090807413731436
0.28546876803123916
0.26042958915818143
0.23408837219778128
0.20657680075745902
0.17803241660019795
0.14859793017663595
0.11842050472128608
0.08765101851249885
0.05644330940156571
0.024953405328539218
-0.006661255633694168
-0.03824261212201587
-0.06963276946790554
-0.10067478894106689
-0.13121347230427496
-0.16109613772950954
-0.19017338316595434
-0.21829983332053923
-0.24533486650324066
-0.27114331769800865
-0.2955961543441549
-0.3185711214518596
-0.3399533528292519
-0.3596359453673694
-0.3775204935131054
-0.39351758125847053
-0.4075472291863677
-0.419539294337545
-0.4294338208992354
-0.43718133996194697
-0.4427431168456221
-0.44609134475859447
-0.44720928382114034
-0.4460913447585945
-0.4427431168456223
-0.4371813399619469
-0.4294338208992355
-0.4195392943375451
-0.4075472291863678
-0.39351758125847086
-0.3775204935131058
-0.35963594536736976
-0.3399533528292525
-0.31857112145186045
-0.29559615434415565
-0.27114331769800976
-0.24533486650324188
-0.2182998333205405
-0.19017338316595564
-0.16109613772951079
-0.13121347230427616
-0.10067478894106811
-0.06963276946790671
-0.03824261212201687
-0.006661255633695178
0.024953405328538365
0.056443309401565
0.0876510185124982
0.11842050472128575
0.14859793017663567
0.17803241660019803
0.2065768007574594
0.23408837219778209
0.26042958915818265
0.28546876803124066
0.3090807413731455
0.3311474792991903
0.3515586695473778
0.37021225280381675
0.3870149124761571
0.40188252240338135
0.41474056216935484
0.425524517379419
0.4341802905941414
0.44066465637950336
0.444945799737778
0.44700397960967664
0.4468320985632961
0.4444338038111983
0.4398201677027142
0.43300819031034066
0.4240211886042098
0.4128908045957492
0.3996603825064932
0.3843895207861513
0.3671597272355798
0.34808134866388507
0.3273023310161
0.30501780326975236
0.28147574478764625
0.25697713315951176
0.23187126500543084
0.2065470759514929
0.18142130916199997
0.15692438584207255
0.13348481263547138
12.345619478395848
-0.17265570270647052
-0.20145714922769253
-0.23095193462066851
-0.26046245172178234
-0.2893135200343216
-0.31685641615780913
-0.3424907968916048
-0.3656832792104686
-0.3859814289645477
-0.4030219349749085
-0.41653180211229457
-0.4263216106228618
-0.43227306902670265
-0.4343273981384438
-0.4324759335411676
-0.42675218874236387
-0.417225158464254
-0.40399397960805356
-0.38718423544456826
-0.36694626164212957
-0.3434558307375216
-0.3169171279548921
-0.28756356870624505
-0.2556550479661552
-0.22147491943865627
-0.18532702592340802
-0.14753274334128844
-0.10842800508546276
-0.06836028236522516
-0.027685507933297538
0.013235057006682096
0.05403800160955526
0.09436096988702741
0.13384586486444577
0.1721420230478974
0.20890932860001446
0.2438212368538742
0.2765676780476877
0.30685781404760004
0.33442262300663994
0.359017289119039
0.38042337670589493
0.3984507697859362
0.4129393601794531
0.4237604692446236
0.4308179906122269
0.43404924372618525
0.43342553056332067
0.42895239055384615
0.42066955141931184
0.40865057635747565
0.39300221070798586
0.3738634339052007
0.35140422514248687
0.32582405371400314
0.29735010744378493
0.26623527493685034
0.23275589957264828
0.19720932518807646
0.15991125524736718
0.12119294895276901
0.08139827919832404
0.04088067849619144
2.7135216122124843e-15
-0.040880678496186006
-0.08139827919831857
-0.12119294895276363
-0.15991125524736186
-0.1972093251880712
-0.23275589957264292
-0.2662352749368457
-0.29735010744378026
-0.32582405371399903
-0.35140422514248315
-0.3738634339051975
-0.3930022107079832
-0.40865057635747354
-0.42066955141931006
-0.42895239055384515
-0.4334255305633199
-0.4340492437261849
-0.43081799061222714
-0.4237604692446242
-0.41293936017945404
-0.39845076978593735
-0.3804233767058966
-0.35901728911904096
-0.33442262300664233
-0.30685781404760276
-0.2765676780476908
-0.24382123685387738
-0.20890932860001798
-0.1721420230479011
-0.1338458648644495
-0.09436096988703124
-0.05403800160955908
-0.013235057006685818
0.02768550793329394
0.06836028236522165
0.10842800508545937
0.14753274334128513
0.1853270259234047
0.22147491943865308
0.25565504796615174
0.28756356870624167
0.3169171279548888
0.3434558307375184
0.3669462616421264
0.38718423544456493
0.4039939796080506
0.41722515846425057
0.4267521887423615
0.4324759335411649
0.43432739813844107
0.43227306902669965
0.4263216106228595
0.4165318021122921
0.40302193497490646
0.38598142896454557
0.3656832792104667
0.34249079689160294
0.31685641615780813
0.28931352003432076
0.2604624517217822
0.2309519346206678
0.20145714922769162
0.17265570270646957
11.453048158341389
0.2075064336787804
0.23975970840186603
0.2718348868683776
0.3027553141324101
0.331565125538264
0.35736520438464936
0.37934599663700486
0.3968153891467125
0.4092198702613085
0.41615726445908446
0.41737945799015574
0.41278387033530395
0.40239661260002235
0.3863558837198726
0.36489743775157574
0.33834118046184863
0.30707867513335674
0.27156179112979323
0.23229295328277516
0.1898175445452878
0.1447190315212585
0.09761677083308155
0.049160794513340524
2.1865606665569616e-05
-0.049118780074731
-0.09757948397521464
-0.14468795548543298
-0.1897907493917666
-0.2322623680746719
-0.27151391587614304
-0.3070012228214653
-0.3382323474046208
-0.36477436513471506
-0.38625935163902775
-0.40238947586423013
-0.4129411292958948
-0.4177680301595635
-0.41680325645910393
-0.41006017772441256
-0.39763227182585564
-0.3796918296057414
-0.3564875659567397
-0.3283411711216489
-0.295642850405255
-0.2588459142531633
-0.21846049367905496
-0.1750464680985517
-0.12920570354580346
-0.08157370882834686
-0.03281082526741702
0.016406927845368284
0.06539722516032417
0.11348089461828052
0.15999133309006752
0.20428374776915764
0.24574409519760215
0.283797593999108
0.31791669330413136
0.34762838639828625
0.372520768202789
0.39224874567847645
0.4065388219880266
0.41519288809166044
0.4180909692118606
0.41519288809166083
0.4065388219880272
0.3922487456784776
0.37252076820279
0.3476283863982876
0.3179166933041327
0.28379759399910953
0.24574409519760368
0.20428374776915928
0.15999133309006916
0.11348089461828209
0.0653972251603257
0.016406927845369793
-0.03281082526741549
-0.08157370882834519
-0.1292057035458019
-0.17504646809855004
-0.21846049367905315
-0.25884591425316156
-0.2956428504052533
-0.3283411711216471
-0.35648756595673803
-0.3796918296057399
-0.39763227182585414
-0.4100601777244115
-0.416803256459103
-0.4177680301595628
-0.4129411292958944
-0.4023894758642301
-0.3862593516390279
-0.36477436513471556
-0.3382323474046212
-0.30700122282146564
-0.2715139158761436
-0.23226236807467246
-0.1897907493917672
-0.14468795548543376
-0.09757948397521547
-0.049118780074731895
2.1865606664411888e-05
0.04916079451333918
0.09761677083308026
0.1447190315212571
0.18981754454528638
0.23229295328277366
0.2715617911297918
0.30707867513335585
0.3383411804618476
0.364897437751575
0.3863558837198722
0.40239661260002263
0.41278387033530367
0.4173794579901557
0.4161572644590839
0.4092198702613088
0.3968153891467122
0.37934599663700386
0.3573652043846484
0.33156512553826356
0.3027553141324099
0.27183488686837753
0.2397597084018661
0.20750643367878027
10.442519549142022
-0.23724928225116654
-0.27079212536975017
-0.3027724811705758
-0.33189576772437085
-0.356932574545866
-0.376770626976419
-0.3904615741559086
-0.397260003035444
-0.3966521633284349
-0.3883720685636189
-0.3724029037511356
-0.3489622170924194
-0.318474753382252
-0.2815438861775461
-0.2389241337207189
-0.1914937899036495
-0.1402276627314866
-0.08617051718863844
-0.03041211778672964
0.02593511506941952
0.08175481306048933
0.13594150360337295
0.18741848392829316
0.2351605463919454
0.2782156793271138
0.31572483767582155
0.34693950869224865
0.3712368326245746
0.3881320697341112
0.39728823634250454
0.3985227667467602
0.39181109717882445
0.3772871138476491
0.3552404593368794
0.32611074855669325
0.2904788046409967
0.2490550843293518
0.20266551943968225
0.15223505419136282
0.09876920574421712
0.04333401598891479
-0.01296520470340837
-0.06900591703218298
-0.12367073566117892
-0.1758697090173435
-0.22456205180322877
-0.2687768970070267
-0.30763265374044174
-0.34035458500246957
-0.36629025492634915
-0.3849225375212728
-0.3958799275262257
-0.3989439477799151
-0.39405350540264994
-0.3813061099258853
-0.36095592907759183
-0.3334087209877582
-0.29921374386040817
-0.25905280442480516
-0.2137266635277259
-0.1641390699237078
-0.1112787406106412
-0.05619964700119231
-5.844003705047225e-16
0.056199647001191136
0.11127874061064014
0.1641390699237069
0.21372666352772518
0.25905280442480455
0.29921374386040755
0.3334087209877581
0.3609559290775918
0.38130610992588554
0.39405350540265044
0.3989439477799156
0.39587992752622625
0.3849225375212734
0.3662902549263499
0.3403545850024703
0.30763265374044246
0.2687768970070278
0.22456205180322975
0.17586970901734472
0.12367073566118021
0.06900591703218434
0.012965204703409876
-0.043334015988913226
-0.09876920574421558
-0.15223505419136144
-0.20266551943968078
-0.24905508432935045
-0.2904788046409956
-0.3261107485566926
-0.35524045933687876
-0.3772871138476488
-0.39181109717882445
-0.3985227667467603
-0.3972882363425048
-0.3881320697341121
-0.37123683262457546
-0.34693950869224965
-0.3157248376758226
-0.2782156793271149
-0.2351605463919466
-0.18741848392829438
-0.1359415036033742
-0.08175481306049062
-0.025935115069420703
0.03041211778672858
0.08617051718863766
0.14022766273148607
0.1914937899036488
0.23892413372071816
0.2815438861775455
0.31847475338225134
0.34896221709241915
0.3724029037511356
0.3883720685636188
0.3966521633284354
0.3972600030354449
0.3904615741559093
0.37677062697641994
0.35693257454586697
0.33189576772437174
0.3027724811705768
0.2707921253697506
0.23724928225116687
9.353807331270554
-0.2612736162420547
-0.2938215965761002
-0.3229675442749595
-0.3471290919536445
-0.36487219517953834
-0.3749822343689873
-0.3765258566952133
-0.3688998527472701
-0.3518636215914232
-0.32555219344056174
-0.29046732768564304
-0.24744511739769867
-0.19760539020107987
-0.1422970594984981
-0.08304312040865203
-0.02148479346424796
0.04067441473260823
0.10172318381971072
0.1599934742503926
0.21390623312133872
0.26200977180560986
0.3030099624132752
0.33580027885710734
0.35949346124864506
0.37344719296487494
0.37728251871554763
0.37089466536769616
0.35445611948388794
0.3284120013698672
0.2934679547902355
0.2505709442745048
0.2008835174632868
0.14575224652835972
0.0866712070380261
0.0252414798640648
-0.03687223340746059
-0.09798671298161997
-0.15644582459474293
-0.2106653919439877
-0.25917612281967173
-0.30066342503079835
-0.3340030317448149
-0.3582914695525746
-0.37287054290986266
-0.3773451712727375
-0.3715940956400722
-0.3557731645282702
-0.3303111104796027
-0.29589793165650247
-0.2534661934191843
-0.20416575660861666
-0.14933261736608375
-0.09045270288489339
-0.02912160418030364
0.03299866292835928
0.09422469689129613
0.15289732904141967
0.20742658552368146
0.2563347741118777
0.2982965282983721
0.33217472349796234
0.35705129206967484
0.37225210209804116
0.3773652257422344
0.37225210209804144
0.35705129206967523
0.33217472349796323
0.29829652829837294
0.25633477411187866
0.20742658552368265
0.15289732904142098
0.09422469689129763
0.03299866292836091
-0.029121604180302046
-0.09045270288489173
-0.1493326173660821
-0.204165756608615
-0.2534661934191827
-0.2958979316565009
-0.3303111104796014
-0.35577316452826907
-0.37159409564007106
-0.3773451712727368
-0.3728705429098622
-0.3582914695525743
-0.33400303174481494
-0.3006634250307988
-0.25917612281967223
-0.21066539194398864
-0.15644582459474393
-0.0979867129816209
-0.03687223340746164
0.025241479864063793
0.08667120703802521
0.14575224652835894
0.200883517463286
0.2505709442745044
0.2934679547902352
0.3284120013698672
0.35445611948388817
0.3708946653676965
0.377282518715548
0.37344719296487544
0.3594934612486456
0.33580027885710817
0.30300996241327577
0.2620097718056105
0.2139062331213392
0.15999347425039304
0.10172318381971086
0.04067441473260817
-0.021484793464247615
-0.08304312040865237
-0.14229705949849786
-0.1976053902010794
-0.24744511739769895
-0.2904673276856433
-0.325552193440562
-0.35186362159142304
-0.36889985274727094
-0.3765258566952146
-0.37498223436898837
-0.36487219517953845
-0.34712909195364555
-0.32296754427496
-0.2938215965761004
-0.2612736162420549
8.227223889361913
0.2791645774400739
0.3084486095570307
0.33215415845560264
0.3485026231803986
0.3559957987906169
0.3535058236104413
0.3403482895180625
0.31633348518804366
0.28179139835885736
0.2375669977502155
0.1849833997734245
0.12577205883172662
0.06197785187147057
-0.0041420943434820005
-0.07021977375157645
-0.13387687733806528
-0.19282201571923238
-0.24494115331368752
-0.2883775497261411
-0.3215976328230945
-0.3434396339329439
-0.3531435065524428
-0.3503718194688846
-0.3352239145251771
-0.308234502903058
-0.27035605990398315
-0.22292585717578464
-0.1676189939838716
-0.10638925038227053
-0.041399975275001236
0.025052466108547593
0.0906199335236896
0.15298555138845346
0.20994561022504965
0.25948744256780704
0.29986053162907
0.3296383498635693
0.3477687497854791
0.35361113069109645
0.3469590691305137
0.3280476123928392
0.2975449752519961
0.25652893157851214
0.20644873406966868
0.1490739074272236
0.08643172447823678
0.020735574704547708
-0.04569324358208056
-0.1105075438934579
-0.17141718687619653
-0.22626999984576532
-0.27312782136261815
-0.31033498392958075
-0.3365768150766704
-0.3509260897799264
-0.35287579287799203
-0.3423570338644511
-0.31974148105443706
-0.2858282291134351
-0.24181556396623158
-0.18925862273897426
-0.1300144447712602
-0.06617635525795192
-5.3997352390183e-16
0.06617635525795089
0.13001444477125923
0.18925862273897354
0.24181556396623116
0.2858282291134348
0.31974148105443695
0.3423570338644516
0.3528757928779924
0.35092608977992706
0.3365768150766714
0.3103349839295818
0.2731278213626193
0.22626999984576648
0.17141718687619764
0.11050754389345913
0.0456932435820816
-0.020735574704546726
-0.08643172447823597
-0.149073907427223
-0.2064487340696681
-0.2565289315785118
-0.2975449752519958
-0.32804761239283914
-0.3469590691305138
-0.35361113069109673
-0.34776874978547934
-0.3296383498635696
-0.29986053162907056
-0.2594874425678078
-0.20994561022505026
-0.15298555138845435
-0.0906199335236905
-0.02505246610854849
0.04139997527500036
0.10638925038226983
0.1676189939838709
0.22292585717578406
0.2703560599039825
0.30823450290305776
0.33522391452517675
0.3503718194688844
0.3531435065524428
0.343439633932944
0.32159763282309467
0.288377549726141
0.2449411533136875
0.19282201571923283
0.1338768773380656
0.070219773751577
0.0041420943434822294
-0.06197785187147097
-0.12577205883172649
-0.18498339977342432
-0.23756699775021536
-0.28179139835885686
-0.31633348518804344
-0.3403482895180632
-0.3535058236104414
-0.3559957987906167
-0.34850262318039926
-0.33215415845560253
-0.30844860955703035
-0.2791645774400735
7.101311025904545
-0.2907139108018223
-0.31461706733165895
-0.3305980425159052
-0.3368389832355985
-0.3319871876357825
-0.3152571208918788
-0.2865030060746806
-0.24625581357835294
-0.19571991591086696
-0.13672644082273927
-0.07164234293286127
-0.003236689099513825
0.06548329554689211
0.13144045900889417
0.19165001391480946
0.24337201538295497
0.28424854141057
0.3124195081492509
0.3266113588772868
0.326193772792176
0.3112008572719567
0.2823161833109271
0.24083530456147567
0.18861091502602717
0.12797287591294895
0.06162586565829396
-0.0074704846934536984
-0.07623335689717423
-0.14159431378474602
-0.2006363688143193
-0.25072433266615696
-0.28962256052222884
-0.31559482175535575
-0.32748183406536313
-0.32475301219831754
-0.3075301358748461
-0.27658189384695314
-0.23328955728625733
-0.1795853197243151
-0.11786605649802089
-0.050886350797523044
0.018364442363441952
0.08679561002450113
0.15135301985988914
0.20915542733745085
0.2576230676581745
0.2945927929101284
0.3184146154440626
0.328025348463596
0.32299605711061496
0.3035512022643668
0.270558622688351
0.22549080267524493
0.17035915388206527
0.10762424443041124
0.04008598182480896
-0.029241349090808902
-0.09726361599162181
-0.1609449325801907
-0.217443152529186
-0.2642367166616705
-0.29923719208186034
-0.320882480547494
-0.3282065361212192
-0.32088248054749385
-0.2992371920818597
-0.26423671666166976
-0.21744315252918528
-0.16094493258018977
-0.09726361599162084
-0.029241349090808007
0.040085981824809644
0.10762424443041176
0.1703591538820657
0.2254908026752452
0.27055862268835096
0.30355120226436666
0.3229960571106147
0.32802534846359555
0.31841461544406213
0.29459279291012785
0.2576230676581741
0.20915542733745043
0.15135301985988875
0.08679561002450083
0.018364442363441633
-0.05088635079752329
-0.11786605649802114
-0.17958531972431532
-0.23328955728625755
-0.27658189384695314
-0.307530135874846
-0.3247530121983173
-0.3274818340653628
-0.3155948217553552
-0.2896225605222281
-0.25072433266615646
-0.20063636881431887
-0.1415943137847457
-0.07623335689717402
-0.007470484693453681
0.06162586565829396
0.12797287591294887
0.18861091502602678
0.2408353045614754
0.2823161833109267
0.31120085727195657
0.326193772792176
0.3266113588772867
0.3124195081492506
0.28424854141056954
0.24337201538295414
0.1916500139148091
0.13144045900889417
0.06548329554689196
-0.0032366890995148096
-0.07164234293286141
-0.13672644082273927
-0.195719915910867
-0.2462558135783522
-0.2865030060746797
-0.31525712089187796
-0.3319871876357813
-0.33683898323559824
-0.3305980425159042
-0.31461706733165856
-0.29071391080182096
6.01081265464416
0.2959226029195326
0.3126081054816879
0.3190669825351364
0.3136583631320649
0.29543790372338063
0.26425565346153956
0.22080592272737576
0.1666228848836784
0.10401844419027628
0.03596204593943703
-0.034094616406743265
-0.10244138566970476
-0.16536162473704408
-0.21937619721472895
-0.261463176577972
-0.28924559367026775
-0.3011386518303774
-0.29644844898841377
-0.27541608973169374
-0.23920369339398542
-0.18982186867350098
-0.13000302932777194
-0.06304312212
0.007375583639680323
0.0773834271879275
0.14313402422141672
0.20101468719064894
0.24784467239778976
0.2810500646129662
0.29880547127026724
0.3001345985279655
0.2849641066049448
0.254127757804567
0.20932063224383926
0.15300594504958812
0.08827960819293568
0.018700000864503758
-0.05190768042637915
-0.11966172975641566
-0.1808373353237851
-0.23207134987920328
-0.27054717522901983
-0.29414960027393305
-0.30158108192355965
-0.2924330764075931
-0.2672084989655776
-0.2272940765279301
-0.1748841128005614
-0.11285985649913505
-0.04463110439206297
0.026051252920444662
0.09530143708159067
0.1593124036044455
0.21456513509410732
0.25802210009150606
0.2872942420861505
0.3007723184445149
0.29771536887807226
0.27829144988785515
0.24356839580761977
0.19545511436263935
0.1365966440342625
0.07022874247396532
-6.155924265498687e-16
-0.07022874247396654
-0.13659664403426353
-0.1954551143626404
-0.24356839580762077
-0.27829144988785587
-0.2977153688780727
-0.3007723184445153
-0.2872942420861507
-0.25802210009150595
-0.21456513509410707
-0.15931240360444507
-0.09530143708159
-0.026051252920443795
0.04463110439206395
0.11285985649913614
0.17488411280056237
0.22729407652793115
0.2672084989655787
0.29243307640759403
0.3015810819235605
0.29414960027393355
0.2705471752290199
0.2320713498792032
0.18083733532378468
0.11966172975641504
0.051907680426378194
-0.0187000008645051
-0.08827960819293723
-0.15300594504958967
-0.20932063224384087
-0.2541277578045685
-0.2849641066049462
-0.30013459852796665
-0.298805471270268
-0.2810500646129668
-0.24784467239778993
-0.20101468719064863
-0.14313402422141608
-0.07738342718792642
-0.007375583639679095
0.06304312212000138
0.13000302932777358
0.18982186867350237
0.23920369339398687
0.2754160897316944
0.29644844898841477
0.301138651830378
0.2892455936702685
0.2614631765779723
0.21937619721472898
0.16536162473704402
0.10244138566970425
0.03409461640674265
-0.03596204593943766
-0.10401844419027718
-0.1666228848836787
-0.2208059227273752
-0.2642556534615395
-0.2954379037233811
-0.3136583631320649
-0.3190669825351362
-0.3126081054816886
-0.29592260291953254
4.985067327173834
0.2949953509108997
0.3030181615641036
0.29877351830767446
0.28105612992562806
0.24961712259159516
0.20523017667539434
0.14968554284222718
0.08570806802574324
0.016800182845404812
-0.05298423771924135
-0.11932450269341673
-0.17796090668484377
-0.22503425113597708
-0.25738779768346026
-0.2728087427562349
-0.2701989228919924
-0.24966573885666477
-0.2125275028630292
-0.16123204370026326
-0.09919268734601458
-0.030551063020283473
0.04011703749110785
0.10811446516974435
0.16892901456636514
0.2185282751618315
0.2536245684617355
0.2718918340898818
0.2721195853793884
0.254293327302811
0.21959581737094963
0.17032890702088443
0.10976105875185554
0.041910629191831986
-0.028720692489888705
-0.09744657788212817
-0.1597070364767536
-0.2113710183039721
-0.24901054760168337
-0.2701281911433024
-0.27332276898174823
-0.25838231800400957
-0.22629814688258146
-0.17919905488737786
-0.12021008118522478
-0.05324515646606568
0.017252586550867196
0.08660561438246833
0.15021234649035484
0.20385246982412167
0.2439669566442955
0.26789420633577005
0.2740466430344988
0.2620160516602003
0.23260066320433057
0.18775219211676505
0.13044633986047818
0.06448535675446869
-0.0057542378268851425
-0.07561203808302065
-0.14045297030993129
-0.19597483062504734
-0.2384937367291854
-0.2651885539492954
-0.27428807786757736
-0.2651885539492953
-0.23849373672918472
-0.19597483062504617
-0.14045297030993004
-0.0756120380830192
-0.005754237826883646
0.06448535675447017
0.13044633986047957
0.18775219211676622
0.23260066320433148
0.2620160516602008
0.2740466430344987
0.2678942063357694
0.24396695664429452
0.20385246982412017
0.15021234649035323
0.08660561438246654
0.017252586550865413
-0.053245156466067305
-0.12021008118522603
-0.17919905488737856
-0.22629814688258165
-0.25838231800400946
-0.27332276898174757
-0.2701281911433014
-0.2490105476016821
-0.21137101830397045
-0.1597070364767519
-0.09744657788212656
-0.02872069248988726
0.04191062919183313
0.10976105875185638
0.17032890702088477
0.21959581737094955
0.25429332730281073
0.27211958537938746
0.27189183408988055
0.2536245684617338
0.21852827516182957
0.1689290145663634
0.10811446516974256
0.040117037491106455
-0.030551063020284444
-0.0991926873460153
-0.1612320437002641
-0.21252750286302913
-0.24966573885666418
-0.27019892289199104
-0.27280874275623385
-0.2573877976834592
-0.22503425113597553
-0.17796090668484293
-0.11932450269341587
-0.052984237719241344
0.01680018284540447
0.0857080680257431
0.14968554284222654
0.20523017667539367
0.24961712259159463
0.2810561299256268
0.2987735183076734
0.30301816156410244
0.29499535091089846
4.0469129383625795
-0.2883272365673685
-0.2867226460630676
-0.27129370742621284
-0.2415450493206518
-0.19819571864642113
-0.14317476375971586
-0.0795177779239897
-0.011167328543545062
0.05731250039804907
0.12109045189521861
0.17546867618120585
0.21630222927794582
0.24039264809787647
0.24579254219417376
0.2319945211683306
0.19999709735768764
0.15224542868646732
0.09245193731881098
0.025309958322748276
-0.043878592236288615
-0.1096339368127681
-0.16675301149670904
-0.21072950394266787
-0.2381014234175008
-0.2467177911491679
-0.23590469962606897
-0.20651688300550006
-0.16087006186727063
-0.10255885494412989
-0.036174215636706496
0.033057590689463345
0.09968615337393143
0.15846587833075126
0.20476894734172357
0.2349497182500172
0.24663183191749397
0.23889538602291868
0.2123494167618506
0.1690839730697294
0.1125055592280603
0.04706891129078021
-0.02207376372827256
-0.08947846143852806
-0.14983802301604063
-0.19839999883322468
-0.23134083395695113
-0.2460669156014326
-0.24141878057971103
-0.21776240490441556
-0.1769603878638586
-0.12222529921869445
-0.05786673604135911
0.01104799541174176
0.0790928565394737
0.14091029834328778
0.1916330909229284
0.22726754750688827
0.24500796962064791
0.24345755534715488
0.22273837732926652
0.18448177133224308
0.13169989213276015
0.06854854985920998
-6.367018941276287e-16
-0.06854854985921113
-0.13169989213276115
-0.18448177133224403
-0.2227383773292672
-0.2434575553471554
-0.245007969620648
-0.22726754750688824
-0.19163309092292785
-0.140910298343287
-0.07909285653947287
-0.011047995411740797
0.05786673604136021
0.1222252992186957
0.17696038786385973
0.2177624049044166
0.24141878057971175
0.2460669156014332
0.23134083395695137
0.1983999988332246
0.14983802301604016
0.08947846143852746
0.022073763728271533
-0.04706891129078137
-0.11250555922806149
-0.16908397306973055
-0.2123494167618518
-0.23889538602291957
-0.24663183191749474
-0.23494971825001773
-0.20476894734172396
-0.1584658783307514
-0.09968615337393102
-0.033057590689462985
0.03617421563670715
0.1025588549441307
0.16087006186727157
0.20651688300550106
0.2359046996260699
0.2467177911491689
0.23810142341750162
0.2107295039426688
0.16675301149670968
0.1096339368127686
0.0438785922362889
-0.025309958322748176
-0.09245193731881161
-0.15224542868646826
-0.19999709735768897
-0.23199452116833172
-0.24579254219417593
-0.24039264809787794
-0.216302229277947
-0.1754686761812066
-0.12109045189521947
-0.057312500398049755
0.011167328543545523
0.07951777792399053
0.14317476375971702
0.19819571864642294
0.24154504932065315
0.2712937074262141
0.2867226460630695
0.28832723656737025
3.212144556280637
0.27648331521127667
0.264827268023134
0.23846712887748098
0.19787369410903347
0.1449478464913373
0.08289843292031451
0.01599716384858019
-0.05077339011980109
-0.11215309202065117
-0.1630856494711437
-0.19921017208442787
-0.2173226177967801
-0.2157501878041946
-0.19456564531210926
-0.15561960390770627
-0.10239771219267703
-0.039719910813319326
0.026690009621775448
0.09072609497027326
0.1464670248435839
0.18873790448136762
0.21361452213250057
0.21879630946742618
0.20380840900516584
0.17003772888740665
0.12060104580403544
0.06005619126776827
-0.006018023095116787
-0.07153518376253039
-0.13046118029486906
-0.17736936526142943
-0.20793996460291367
-0.21935775338712063
-0.21057132152552555
-0.18238998277782686
-0.13740933847968714
-0.07977230497751693
-0.014787588512532219
0.05155925926411172
0.11315716269025675
0.1643324241749773
0.2003713433957817
0.21795440595273824
0.2154620463715721
0.19312382422529067
0.15299727650248224
0.09877839706115273
0.03546120137224832
-0.03112226586299203
-0.09483911119108974
-0.14982048264319822
-0.19100213914916955
-0.21459090857846758
-0.21841406995561488
-0.20211947889868187
-0.16720800301835667
-0.11689527962020235
-0.05581552889105149
0.010405296218700105
0.0756677069954824
0.133960492591053
0.17991440255666807
0.20929669949882182
0.21940102942932807
0.20929669949882176
0.17991440255666805
0.1339604925910529
0.07566770699548243
0.01040529621870027
-0.055815528891051236
-0.11689527962020209
-0.16720800301835625
-0.20211947889868137
-0.21841406995561438
-0.21459090857846722
-0.19100213914916914
-0.14982048264319808
-0.09483911119108981
-0.03112226586299219
0.035461201372247717
0.09877839706115192
0.15299727650248157
0.19312382422528987
0.2154620463715712
0.21795440595273757
0.20037134339578117
0.164332424174977
0.11315716269025669
0.05155925926411191
-0.014787588512532025
-0.07977230497751663
-0.13740933847968695
-0.1823899827778266
-0.2105713215255254
-0.21935775338712055
-0.2079399646029136
-0.17736936526142957
-0.13046118029486928
-0.07153518376253067
-0.006018023095117087
0.06005619126776808
0.12060104580403531
0.17003772888740645
0.2038084090051657
0.2187963094674263
0.21361452213250087
0.18873790448136793
0.14646702484358415
0.09072609497027326
0.02669000962177599
-0.03971991081331898
-0.10239771219267722
-0.1556196039077058
-0.19456564531210926
-0.21575018780419492
-0.21732261779678008
-0.1992101720844283
-0.163085649471144
-0.11215309202065173
-0.05077339011980133
0.015997163848580544
0.08289843292031439
0.14494784649133757
0.19787369410903327
0.2384671288774815
0.2648272680231342
0.27648331521127695
2.489514658522977
0.2601721320662831
0.23860965397430142
0.20228427601672275
0.15283399374127793
0.09345466779169455
0.02861072880495151
-0.0363891271146125
-0.09591437588721315
-0.14458625410322817
-0.17784987653904427
-0.1924918170367047
-0.1870540738032263
-0.1620826086897763
-0.1201374977034976
-0.06556235632926437
-0.00405069565179538
0.057939348956310706
0.11385892351221587
0.15776078621732675
0.1849387817739104
0.19244895880230778
0.1794558653865167
0.14733397929309575
0.09950797107406933
0.04107812531947719
-0.021727734208294592
-0.08221908312494015
-0.13395487274761964
-0.17142825983051643
-0.19065169514429853
-0.1895804799077663
-0.1683298534582328
-0.12916249543587496
-0.07624768680526478
-0.015217660949922312
0.047431723321631404
0.10503225780096567
0.15145306338397638
0.1817531378706248
0.1927073002246895
0.18314952399973855
0.1540970910840942
0.10864233658966235
0.051623505471644716
-0.01089023973084778
-0.07224483710672398
-0.12590960148519598
-0.16617236586652517
-0.18874749562642013
-0.19123205810715466
-0.1733615932416844
-0.13703826156862803
-0.08612837417361914
-0.026050856061923096
0.03679955246227305
0.09573296126518781
0.14447641186210822
0.1778415800668892
0.19227702865336968
0.18624622746844963
0.160391103958712
0.11746371551122672
0.062033316466806494
6.226839403767131e-16
-0.06203331646680538
-0.11746371551122561
-0.16039110395871128
-0.18624622746844954
-0.19227702865337
-0.17784158006688988
-0.1444764118621094
-0.09573296126518886
-0.036799552462274183
0.0260508560619221
0.08612837417361835
0.13703826156862767
0.17336159324168451
0.19123205810715527
0.18874749562642124
0.16617236586652642
0.12590960148519745
0.07224483710672541
0.01089023973084886
-0.05162350547164392
-0.10864233658966198
-0.15409709108409436
-0.1831495239997393
-0.1927073002246905
-0.18175313787062625
-0.15145306338397793
-0.1050322578009672
-0.04743172332163267
0.015217660949921339
0.07624768680526424
0.12916249543587496
0.16832985345823348
0.18958047990776727
0.19065169514429983
0.1714282598305181
0.13395487274762122
0.08221908312494162
0.02172773420829569
-0.04107812531947629
-0.09950797107406903
-0.14733397929309613
-0.17945586538651728
-0.19244895880230897
-0.18493878177391165
-0.15776078621732825
-0.11385892351221695
-0.05793934895631159
0.004050695651794659
0.06556235632926447
0.12013749770349784
0.16208260868977692
0.18705407380322753
0.1924918170367062
0.1778498765390455
0.14458625410322923
0.09591437588721444
0.036389127114612264
-0.028610728804951174
-0.09345466779169444
-0.1528339937412786
-0.20228427601672394
-0.23860965397430267
-0.2601721320662845
1.8812184651257897
-0.24021444153217938
-0.20945434155726736
-0.1647680752375964
-0.10907130293720584
-0.04683406962514982
0.016418813927490172
0.07473116324252083
0.1223975930587597
0.15463265477645896
0.1681562794587639
0.16163405928544206
0.13592605818226902
0.09409189018690478
0.04109500793700826
-0.016757388335498877
-0.0725531900459449
-0.11959612744439972
-0.15220769549359683
-0.16641469062631395
-0.16044178428377914
-0.13495237699976834
-0.09300713875084464
-0.03970470318033694
0.01845729936018682
0.07438620164552909
0.12126393388665808
0.15337884021000897
0.16682036282703336
0.1599534789799463
0.13361608530805205
0.09101580042972661
0.03733889744214801
-0.02088110071911981
-0.07655847277281227
-0.1229173996993312
-0.15431632495292907
-0.1669343322227615
-0.15923604486921492
-0.13215846552548022
-0.08899698702974891
-0.03500440579628298
0.023248297520094136
0.07867163379713281
0.12452041407017495
0.15521467343983028
0.16701878919432886
0.15849613393661358
0.13068392715102095
0.08696700493905943
0.032665872265155695
-0.025610824607034427
-0.08077059727728332
-0.1261002988304689
-0.1560831390451022
-0.16707009767791134
-0.1577240228231507
-0.12918236639999267
-0.08491875157378877
-0.030320219991539936
0.027968390635868635
0.08285314707695893
0.12765437758253587
0.15691961177473238
0.1670871657583378
0.15691961177473265
0.12765437758253648
0.08285314707695969
0.02796839063586978
-0.03032021999153867
-0.08491875157378777
-0.12918236639999187
-0.15772402282315007
-0.16707009767791106
-0.15608313904510243
-0.12610029883046933
-0.08077059727728401
-0.02561082460703548
0.032665872265154425
0.08696700493905841
0.1306839271510198
0.1584961339366128
0.16701878919432844
0.15521467343982995
0.12452041407017536
0.07867163379713342
0.02324829752009508
-0.035004405796281966
-0.08899698702974766
-0.13215846552547908
-0.15923604486921417
-0.16693433222276094
-0.15431632495292888
-0.12291739969933127
-0.07655847277281264
-0.020881100719120572
0.037338897442147086
0.09101580042972557
0.1336160853080509
0.15995347897994522
0.16682036282703222
0.15337884021000842
0.12126393388665788
0.07438620164552927
0.01845729936018743
-0.03970470318033597
-0.09300713875084324
-0.13495237699976712
-0.16044178428377803
-0.16641469062631312
-0.1522076954935962
-0.1195961274443996
-0.07255319004594481
-0.016757388335499314
0.04109500793700776
0.09409189018690323
0.13592605818226844
0.16163405928544114
0.16815627945876294
0.15463265477645782
0.12239759305875965
0.07473116324252038
0.016418813927490505
-0.046834069625149
-0.10907130293720457
-0.16476807523759554
-0.2094543415572658
-0.24021444153217758
1.3837699858343613
-0.21750861821274134
-0.17878451106789253
-0.12785642601449837
-0.06890983080375171
-0.0075175170276108
0.05009732118193439
0.0978751726263776
0.13071399020495514
0.14514822289131246
0.13983360951938534
0.11578335926594005
0.07633205708644426
0.026804790696027026
-0.02613186049071636
-0.07534431692002347
-0.11418801914563156
-0.13740415786977878
-0.14183259822914165
-0.12684554595843428
-0.09444626042649988
-0.04902322871182064
0.0032079905371136946
0.05504832943017919
0.09933308397029023
0.1299368980443793
0.14262602873841587
0.13564386924970148
0.10995179146013853
0.0690941274857207
0.018707175499214804
-0.03425946562950173
-0.082501761051914
-0.11936828031235902
-0.1397768534540955
-0.14091472772490032
-0.12262588970221515
-0.08743226717865275
-0.04018592603244411
0.012599810278691405
0.06364816536324576
0.10592193854318131
0.1335935376695497
0.14284831341725793
0.13241044168342458
0.10371883460840176
0.06072880825861215
0.009366835664259401
-0.043286452510650456
-0.08997238816282506
-0.12425493649094499
-0.14140796231880742
-0.139066772024971
-0.1175541092886527
-0.07983566342718791
-0.031111224604208006
0.02190215054293488
0.07189614062193335
0.11197867127269424
0.13662404330061892
0.14243469450165533
0.1286095804565839
0.09705460449710825
0.0521198733582655
-1.0994928464801837e-16
-0.05211987335826556
-0.09705460449710819
-0.1286095804565838
-0.1424346945016554
-0.136624043300619
-0.11197867127269433
-0.07189614062193347
-0.02190215054293487
0.03111122460420812
0.079835663427188
0.11755410928865291
0.13906677202497114
0.14140796231880753
0.12425493649094527
0.08997238816282513
0.04328645251065046
-0.009366835664259431
-0.06072880825861217
-0.10371883460840182
-0.13241044168342486
-0.1428483134172581
-0.13359353766954993
-0.10592193854318147
-0.06364816536324579
-0.012599810278691333
0.0401859260324444
0.08743226717865295
0.12262588970221565
0.1409147277249008
0.1397768534540955
0.11936828031235937
0.0825017610519144
0.03425946562950147
-0.018707175499214985
-0.06909412748572086
-0.10995179146013856
-0.13564386924970168
-0.14262602873841598
-0.12993689804437936
-0.09933308397029066
-0.05504832943017969
-0.003207990537114129
0.04902322871182081
0.09444626042649996
0.12684554595843398
0.14183259822914174
0.13740415786977875
0.11418801914563134
0.075344316920024
0.026131860490716266
-0.026804790696026457
-0.07633205708644412
-0.11578335926593958
-0.13983360951938556
-0.14514822289131243
-0.13071399020495542
-0.0978751726263775
-0.050097321181934155
0.007517517027610233
0.06890983080375158
0.12785642601449784
0.17878451106789323
0.21750861821274134
0.9891499489745252
0.19299439860523257
0.14799391530646605
0.09329238024193463
0.034204848081607085
-0.022909123741637737
-0.07162177110505079
-0.10639823168116676
-0.12341437618164207
-0.1211253802126462
-0.10051599827433794
-0.06500998549066585
-0.020063696253417668
0.027527956145989154
0.07059069431496846
0.10263910174052172
0.11885694230693734
0.11682607111124911
0.09689033391711926
0.06210221135592463
0.017765992488459965
-0.029346650931852673
-0.071989484117036
-0.10355141756165742
-0.1191154586658957
-0.11624276821861121
-0.09535965114440897
-0.059692731579247066
-0.014766415390811671
0.03245666024263432
0.07465734993607377
0.10529563140307036
0.11962424422202922
0.11542371836417498
0.09334542469619249
0.05680991132014986
0.011476529384099028
-0.0356333855914304
-0.077223968243647
-0.10685456706519382
-0.11993692936508935
-0.11444551599180797
-0.09123102830689132
-0.05388862048259658
-0.00820118080006863
0.03875614934277893
0.07971158093600034
0.1083227597401422
0.12015894155437168
0.11338715191186317
0.08905605984272305
0.05093359545606357
0.004923452759042541
-0.041849162490758034
-0.08214095605798448
-0.10971225909667576
-0.12029331949300677
-0.11224552727400372
-0.08681517470423192
-0.0479404533627173
-0.001641577547872127
0.0449115186749658
0.0845095320662455
0.11102023720841261
0.12033813482074981
0.11102023720841249
0.08450953206624558
0.044911518674966136
-0.0016415775478718871
-0.047940453362717225
-0.08681517470423188
-0.11224552727400361
-0.12029331949300671
-0.10971225909667578
-0.08214095605798445
-0.04184916249075812
0.004923452759042427
0.050933595456063185
0.08905605984272265
0.11338715191186277
0.12015894155437123
0.10832275974014202
0.07971158093600025
0.03875614934277881
-0.008201180800068278
-0.05388862048259639
-0.09123102830689096
-0.1144455159918079
-0.11993692936508918
-0.10685456706519347
-0.07722396824364709
-0.03563338559143035
0.01147652938409902
0.056809911320149876
0.09334542469619231
0.11542371836417485
0.11962424422202911
0.10529563140307016
0.07465734993607342
0.032456660242633925
-0.014766415390811792
-0.05969273157924745
-0.09535965114440874
-0.11624276821861097
-0.11911545866589558
-0.10355141756165716
-0.07198948411703582
-0.02934665093185292
0.01776599248845983
0.06210221135592468
0.09689033391711914
0.11682607111124838
0.11885694230693714
0.10263910174052204
0.07059069431496845
0.02752795614598936
-0.020063696253417255
-0.06500998549066517
-0.10051599827433799
-0.12112538021264663
-0.12341437618164194
-0.1063982316811672
-0.07162177110505046
-0.022909123741637737
0.03420484808160678
0.09329238024193456
0.14799391530646652
0.19299439860523268
