11 0.98 1.85
23.4701425093
-0.901832210824
-0.905604530385
-0.909811538588
-0.914480992373
-0.919634138187
-0.925281870091
-0.931419656434
-0.938021017715
-0.945029280269
-0.952347391343
-0.959825700592
-0.967247753452
-0.974314476529
-0.980627586464
-0.985673651743
-0.988811074871
-0.98926322312
-0.986121956534
-0.978366619393
-0.964903978415
-0.944634090867
-0.916545218577
-0.879837164043
-0.834066579462
-0.779299651761
-0.716247962617
-0.646352801388
-0.571773532911
-0.495229381346
-0.419677862881
-0.347946388336
-0.282418127332
-0.224788907047
-0.175917510602
-0.135796747099
-0.103669422269
-0.0783064923868
-0.0584399207877
-0.0430614013989
-0.0313358677687
-0.0225342138272
-0.0160251215325
-0.011276568749
-0.0078543128834
-0.00541474623738
-0.00369330273166
-0.00249062776457
-0.0016590108828
-0.00109024029918
-0.000705797604821
-0.000449240057218
-0.000280399404251
-0.00017102337564
-0.000101461244195
-5.81821154884e-05
-3.19741600467e-05
-1.66379683877e-05
-8.05320974175e-06
-3.52806481657e-06
-1.33688183825e-06
-4.03356560638e-07
-8.12626068044e-08
-6.69534180963e-09
-9.46830044829e-11
10.1191398461
-0.24368017332
-0.242328185998
-0.240709926514
-0.238766118809
-0.236423140516
-0.233589539708
-0.230151823831
-0.225969427255
-0.220868831201
-0.214636881984
-0.207013465946
-0.197683928203
-0.186271879159
-0.172333332003
-0.155353746886
-0.134750192739
-0.10988134508
-0.0800684049965
-0.0446300493445
-0.0029352643549
0.0455238892011
0.101041516022
0.163590777434
0.232711331805
0.307406128981
0.386068353741
0.466466442225
0.545816459347
0.620969709775
0.688716940814
0.746120869139
0.790805447448
0.821179379265
0.836569551526
0.83724219967
0.824296870472
0.7994309908
0.764597247013
0.721749292113
0.672821177225
0.619688182275
0.564100023197
0.507624736744
0.451613193093
0.397184690176
0.345230138739
0.296426594315
0.251259239756
0.210045169173
0.172958187918
0.140051816247
0.111279802357
0.0865156481108
0.0655689999662
0.048199262256
0.0341281625009
0.0230491053647
0.0146343085699
0.00854085470378
0.00441314793459
0.00188412197812
0.000572941539832
8.17340294656e-05
2.52730179806e-06
7.80846767769
0.177740675013
0.176179959949
0.17433642944
0.172152809565
0.169559164467
0.166470090771
0.16278141153
0.158366341185
0.153071178676
0.146710672527
0.139063328115
0.12986716659
0.118816710354
0.105562361533
0.0897138263424
0.0708496868822
0.0485356857739
0.0223547218745
-0.00804835592643
-0.0429055433108
-0.082247174438
-0.125807631477
-0.17292350054
-0.222433736018
-0.272601132265
-0.321077900716
-0.364942359674
-0.400834828092
-0.425216842235
-0.434743375912
-0.426661998411
-0.39915514569
-0.351597458069
-0.284698649546
-0.200501554286
-0.102221521504
0.00606885266164
0.119879304629
0.234671701089
0.346017953834
0.449774821136
0.542270993526
0.620463475394
0.682047770434
0.725517333246
0.750175869501
0.756112906552
0.74414650534
0.715740056168
0.67290515719
0.618089369071
0.554057363913
0.483771168691
0.410267773957
0.336543748851
0.265446949648
0.199571761122
0.141163483586
0.0920233141613
0.0534004761032
0.0258627329485
0.00909420402209
0.00156703464934
6.29607174601e-05
6.06535218832
-0.164175999598
-0.162200983513
-0.159884391821
-0.157161202541
-0.15395301087
-0.150165321984
-0.145684456915
-0.140374098346
-0.134071620572
-0.126584464483
-0.11768698096
-0.107118456843
-0.094583352522
-0.0797552741834
-0.0622866605612
-0.0418265251813
-0.0180490114607
0.00930417677432
0.0403645916804
0.0750611709117
0.113028847071
0.153505605864
0.195232214893
0.236369212422
0.274456946427
0.306448300722
0.328844119143
0.337960521737
0.330344477439
0.303311895777
0.255483350582
0.187202494552
0.100788440951
0.000573238437695
-0.107310088037
-0.215394907386
-0.315579364549
-0.399988049655
-0.461728049748
-0.495344255058
-0.497217996546
-0.465876988765
-0.402144475874
-0.309104965979
-0.191894245989
-0.0573388833413
0.0865296559725
0.231039834201
0.367469978559
0.487647780712
0.584496761863
0.652509354336
0.688130379718
0.690006310058
0.659131024806
0.598851554648
0.514744637971
0.414391988161
0.307008577693
0.202913405279
0.112769999632
0.0462877758267
0.00971550769947
0.000510769671686
4.59157144808
0.14869456041
0.146357721622
0.143630983591
0.140443959176
0.13671277035
0.132337608492
0.127200067566
0.121160343907
0.114054545363
0.105692498508
0.0958566384791
0.0843028986871
0.070764862404
0.0549629613449
0.0366209114344
0.015491801911
-0.00860352544339
-0.0357233167872
-0.0657353370785
-0.0982329847923
-0.132441749053
-0.167124879745
-0.200507287918
-0.230239988045
-0.25343506044
-0.266804372662
-0.266929704383
-0.250683895007
-0.215798510948
-0.161522345338
-0.0891867388987
-0.00252549138771
0.0923206474841
0.187166450188
0.272518874346
0.338643704481
0.376861875937
0.380910508632
0.347972802039
0.279100318163
0.17929374493
0.0572018517462
-0.0756029794858
-0.205717564538
-0.319259889257
-0.40334085531
-0.447484602788
-0.444840362956
-0.39308321493
-0.294859068898
-0.15775955091
0.00618365967582
0.181510169079
0.350668029759
0.495742347097
0.600329972898
0.65153043403
0.642022754564
0.571990362087
0.450944287758
0.299284971192
0.148829522846
0.0396214671153
0.00286012824127
3.39876318363
-0.131909931302
-0.129296500591
-0.126259922332
-0.122727421327
-0.118613278763
-0.113816812535
-0.108220322652
-0.101687166688
-0.094060306618
-0.0851618385058
-0.0747942360623
-0.0627443949023
-0.0487919074289
-0.0327234525765
-0.014355509781
0.00643235367967
0.0296515101423
0.0551444007565
0.0825114329773
0.111029003711
0.139567763417
0.16652630838
0.189802068432
0.206828824595
0.21471057832
0.210480751814
0.191503109948
0.156009849452
0.10374020147
0.0365795808674
-0.0410460778751
-0.122200451448
-0.197950694881
-0.258363018321
-0.293896296462
-0.297027574015
-0.263867662226
-0.195469460928
-0.0983128922155
0.0163256057338
0.133697372083
0.237480880498
0.312079010633
0.34500767972
0.329021754802
0.263626793654
0.155701071805
0.0190900569823
-0.126874753579
-0.259764534955
-0.35709822862
-0.399747717065
-0.375125726505
-0.280027725953
-0.122326906583
0.0784032103133
0.291940650387
0.480518848939
0.603811558439
0.62704506055
0.533040711618
0.339630413258
0.121023293211
0.0127458458939
2.47101754985
0.114859987858
0.112072724409
0.108845983593
0.105107592596
0.100773545473
0.0957465070226
0.0899144853593
0.0831499056492
0.0753095135949
0.0662357223171
0.0557602451735
0.0437112107996
0.0299252614596
0.0142664287843
-0.00334621181811
-0.0229003048857
-0.0442402168697
-0.0670059074764
-0.0905643346267
-0.113940138971
-0.13575922929
-0.154226281985
-0.167158360759
-0.172106679338
-0.166590249162
-0.148456125877
-0.116361743504
-0.0703396504107
-0.0123729669853
0.0531634454111
0.119479786406
0.17793838465
0.21919479218
0.234783046735
0.21890772838
0.170112117582
0.0924478481554
-0.00420371940349
-0.105151800166
-0.19335164941
-0.252460264456
-0.269997804726
-0.240094004542
-0.165258282145
-0.0567191948758
0.0668950635348
0.182439503333
0.266328064024
0.299165850783
0.270096958782
0.180103357028
0.0433726223984
-0.113539296058
-0.255410365675
-0.34414899672
-0.347080390782
-0.246114318964
-0.0466309175681
0.214288589033
0.465544389135
0.60980500967
0.55437433077
0.287221423027
0.0481329478292
1.78035101905
-0.097369142197
-0.094550509236
-0.0912979562668
-0.0875433219633
-0.0832082271998
-0.0782031491842
-0.0724268513585
-0.0657664542496
-0.0580986361066
-0.0492926385844
-0.0392159716506
-0.0277440330917
-0.014775088283
-0.000252129685178
0.0158068219957
0.0332688878699
0.0518370293532
0.0709939693279
0.0899460087285
0.107575732079
0.122420507029
0.132700828796
0.136418799191
0.131553959452
0.116368589304
0.0898151258188
0.0520143929348
0.00473067962815
-0.0482527214005
-0.101025369844
-0.145987061551
-0.174943430258
-0.180703192106
-0.158878433355
-0.109493611846
-0.0379632827779
0.0449347805225
0.124295631495
0.183778378273
0.209428405343
0.193253377387
0.135732492524
0.0466409882605
-0.0561989595952
-0.150213115266
-0.212882202675
-0.227116392987
-0.186023896995
-0.0958067730864
0.0240879789592
0.14409810745
0.230713913321
0.254875223725
0.200917985025
0.0745505724734
-0.0933757777865
-0.248369948934
-0.321876837656
-0.25339581258
-0.0208849411233
0.318032905967
0.589597334126
0.52259906167
0.161341704257
1.30385988068
0.0781183595966
0.0755039505983
0.0724952602585
0.0690328110968
0.0650490048089
0.0604677219207
0.0552043972975
0.0491668747897
0.0422575356306
0.0343773637116
0.0254327966207
0.0153464677358
0.00407307752696
-0.0083784981214
-0.0219158990623
-0.0363265264844
-0.0512346061207
-0.0660563531594
-0.079961782784
-0.0918534799549
-0.100379746243
-0.104004519824
-0.101150168585
-0.0904289087181
-0.0709608183439
-0.0427498610422
-0.00706452773136
0.0332670192973
0.0737446285946
0.108416489476
0.130657549095
0.134522533326
0.116374879419
0.0763741119253
0.0193672304221
-0.0452123834661
-0.104628600193
-0.145211117015
-0.155709619876
-0.130936557262
-0.0740537685404
0.00322855029538
0.0827576236665
0.144070076208
0.169684663124
0.150239603737
0.0880567702516
-0.00210416402323
-0.0957465394078
-0.164535639805
-0.184385019568
-0.143651580777
-0.049395390866
0.0710813171357
0.174807981003
0.214749572632
0.158275645691
0.00855702076727
-0.1789411823
-0.289776037286
-0.181613661161
0.205208911323
0.605954249218
0.469444154126
1.02179725045
-0.0600119608197
-0.0577893770296
-0.0552365716434
-0.052305236639
-0.0489409771626
-0.0450832498289
-0.0406657954763
-0.0356178478856
-0.0298665631419
-0.02334125263
-0.0159801454885
-0.00774059101251
0.0013863361048
0.0113561021431
0.0220454000184
0.0332216247054
0.0445090753423
0.055356671488
0.065015800712
0.0725384108527
0.0768106479706
0.076639669086
0.0709049776524
0.0587788889499
0.0400041846072
0.015190278025
-0.0139326039502
-0.0443847678796
-0.0720126774596
-0.091876407785
-0.0991090556439
-0.0901893849599
-0.0642686897112
-0.0241260388215
0.0236456853903
0.0694763456141
0.102653487347
0.113826833129
0.0978873730485
0.0564441154207
-0.00158558209634
-0.0616260430335
-0.107034055818
-0.123798458868
-0.105059239212
-0.0540370054628
0.0157406214891
0.0834352027747
0.126645824341
0.128606988345
0.0847800197755
0.00656007195169
-0.0797838559987
-0.139784631372
-0.142912277034
-0.0768006699148
0.0397363096937
0.15162844034
0.1810556389
0.0680874560718
-0.154785105753
-0.283180830764
0.0799990721379
0.764611745413
0.774779969507
0.0678704602313
0.0650809719669
0.0618835221249
0.0582204065039
0.0540273433033
0.0492337636462
0.0437638443167
0.0375386682295
0.030480102502
0.0225171481079
0.0135956681298
0.00369257791517
-0.00716444951539
-0.0188711736832
-0.0312148861449
-0.0438378099918
-0.0561995357127
-0.067546061695
-0.0768978537001
-0.0830715396593
-0.0847542068662
-0.0806484735964
-0.0696982963348
-0.051386195667
-0.0260707912587
0.00470267840581
0.0380127929053
0.0695960215587
0.0941837685147
0.106228878498
0.101172223425
0.0770628022929
0.0359449104727
-0.0155754854869
-0.0670214183975
-0.106091761622
-0.1216942143
-0.107195946033
-0.0633272763856
0.000297484261849
0.066764838955
0.11631673211
0.132425463028
0.107641811049
0.0471793353986
-0.0312947593116
-0.102175564633
-0.139899194062
-0.128090715349
-0.0669935310423
0.0240255654925
0.11061627753
0.154751280622
0.130144132669
0.0378915880713
-0.085224699203
-0.173485055986
-0.158580220981
-0.0148238312033
0.181755022532
0.228303194119
-0.0879943743506
-0.388811320097
0.405042184818
